8.779e-10
3.50672e-10
3.6878e-10
9.82762e-10
1.06417e-09
9.16222e-10
1.0248e-09
1.00974e-09
4.26286e-10
8.33503e-10
1.01927e-09
2.95712e-10
1.01607e-09
4.09361e-10
9.01931e-10
4.17756e-10
4.39488e-10
3.50891e-10
1.01011e-09
4.11466e-10
4.09563e-10
4.40231e-10
9.50146e-10
3.25271e-10
8.37889e-10
3.77386e-10
1.03118e-09
8.47573e-10
4.96282e-10
1.02312e-09
4.65481e-10
7.97816e-10
3.81554e-10
9.75059e-10
3.34576e-10
4.43969e-10
1.05669e-09
3.11344e-10
3.90967e-10
3.8929e-10
8.10176e-10
7.90199e-10
1.00993e-09
7.78041e-10
3.81388e-10
3.4989e-10
9.68977e-10
9.77458e-10
2.87822e-10
3.64444e-10
3.34413e-10
9.19394e-10
3.51032e-10
3.1965e-10
9.74107e-10
3.98607e-10
8.87649e-10
4.4342e-10
4.32841e-10
9.00567e-10
3.43521e-10
3.12921e-10
3.43466e-10
3.13758e-10
3.68103e-10
3.42123e-10
3.5547e-10
3.18617e-10
3.04011e-10
8.1057e-10
3.25619e-10
3.26683e-10
9.42505e-10
3.55858e-10
1.09586e-09
3.24161e-10
3.82049e-10
8.36445e-10
3.01049e-10
3.86175e-10
3.8925e-10
4.34152e-10
3.23385e-10
3.74329e-10
3.75122e-10
3.58227e-10
5.24952e-10
9.20228e-10
5.06496e-10
9.59879e-10
4.18098e-10
8.65053e-10
2.91003e-10
3.56078e-10
3.9825e-10
4.41585e-10
8.28253e-10
3.04038e-10
3.59457e-10
3.70433e-10
8.52476e-10
3.7005e-10
3.34349e-10
3.44143e-10
8.82655e-10
3.95009e-10
3.90328e-10
9.91451e-10
3.18911e-10
8.23657e-10
3.09294e-10
4.0417e-10
4.13456e-10
2.85372e-10
3.14796e-10
3.33967e-10
3.86418e-10
1.02978e-09
4.21582e-10
8.78879e-10
3.57804e-10
3.49178e-10
6.94462e-10
3.25094e-10
3.35774e-10
3.54971e-10
6.41415e-10
3.05467e-10
3.78823e-10
3.78689e-10
3.24374e-10
3.96826e-10
9.03998e-10
8.43776e-10
1.00198e-09
9.19926e-10
2.54292e-10
2.98863e-10
3.72685e-10
3.99044e-10
3.79561e-10
3.36412e-10
5.20903e-10
7.35778e-10
4.37101e-10
4.00182e-10
2.94135e-10
3.05801e-10
4.29916e-10
3.30578e-10
9.17395e-10
3.32833e-10
9.36903e-10
9.82954e-10
9.72678e-10
8.19231e-10
3.52166e-10
9.84073e-10
8.39019e-10
7.81132e-10
3.79284e-10
4.58273e-10
8.79469e-10
9.17884e-10
7.9363e-10
9.60063e-10
3.57912e-10
3.55458e-10
4.08475e-10
4.21381e-10
4.00054e-10
1.00971e-09
3.06086e-10
3.40895e-10
2.7415e-10
8.99606e-10
3.61967e-10
4.02794e-10
3.34578e-10
4.11834e-10
9.18146e-10
4.07247e-10
4.2206e-10
2.99061e-10
9.36496e-10
9.33091e-10
3.11666e-10
9.74798e-10
4.51739e-10
1.03076e-09
4.1378e-10
8.64018e-10
3.77735e-10
7.9392e-10
3.24887e-10
3.65312e-10
3.04858e-10
4.04451e-10
8.51799e-10
2.85727e-10
4.36526e-10
4.1444e-10
4.21927e-10
9.00894e-10
3.55545e-10
7.8154e-10
3.59534e-10
1.03748e-09
1.00855e-09
3.87356e-10
9.45293e-10
4.58627e-10
3.99853e-10
4.00942e-10
9.5165e-10
1.08569e-09
2.81313e-10
9.75499e-10
3.88837e-10
9.46225e-10
4.0439e-10
7.63144e-10
1.04696e-09
2.99405e-10
8.88881e-10
9.16946e-10
1.03041e-09
4.2425e-10
8.44004e-10
9.5205e-10
6.01913e-10
4.05591e-10
1.00788e-09
4.94821e-10
4.51372e-10
3.59863e-10
1.00505e-09
1.01787e-09
5.32539e-10
3.30875e-10
3.15502e-10
4.1703e-10
3.00894e-10
3.01139e-10
4.08542e-10
4.19526e-10
7.39339e-10
3.37493e-10
9.28059e-10
3.12427e-10
9.44198e-10
3.08643e-10
9.4548e-10
3.48284e-10
3.36404e-10
9.5035e-10
8.10182e-10
3.58285e-10
9.82064e-10
3.87089e-10
3.63426e-10
8.48347e-10
4.18857e-10
1.06378e-09
2.91224e-10
9.59101e-10
3.81267e-10
4.00874e-10
4.03884e-10
2.9111e-10
3.48722e-10
3.84494e-10
6.95688e-10
9.3134e-10
4.15434e-10
3.99589e-10
3.55031e-10
9.02752e-10
8.85246e-10
7.6405e-10
3.26099e-10
3.50666e-10
4.35629e-10
3.26141e-10
9.71105e-10
3.69503e-10
4.17807e-10
8.97741e-10
3.48912e-10
3.29382e-10
4.73382e-10
3.74119e-10
4.18179e-10
3.33986e-10
9.13131e-10
3.43559e-10
1.02493e-09
3.33358e-10
1.15998e-09
3.75675e-10
3.12149e-10
3.16575e-10
7.70393e-10
3.96314e-10
3.38648e-10
3.87121e-10
3.62642e-10
9.20148e-10
3.68812e-10
3.69968e-10
9.23279e-10
3.20093e-10
1.03344e-09
9.21904e-10
3.90766e-10
9.56409e-10
4.08541e-10
1.08428e-09
3.91026e-10
3.9741e-10
3.59672e-10
2.77391e-10
3.7915e-10
9.15014e-10
4.28278e-10
3.65881e-10
1.0105e-09
8.62828e-10
4.14027e-10
3.25471e-10
2.97435e-10
4.12512e-10
9.5275e-10
3.6585e-10
3.86431e-10
8.7239e-10
9.60349e-10
3.81564e-10
8.2416e-10
3.34314e-10
3.77656e-10
3.75995e-10
5.16809e-10
1.0089e-09
3.28942e-10
8.96797e-10
9.86668e-10
2.97911e-10
1.23436e-09
1.04475e-09
9.2922e-10
9.30574e-10
3.59345e-10
3.74112e-10
4.61255e-10
3.35087e-10
9.37603e-10
3.87455e-10
3.62295e-10
3.59908e-10
8.56905e-10
3.65477e-10
3.60596e-10
8.06556e-10
3.81505e-10
2.87636e-10
7.69504e-10
3.98363e-10
3.2513e-10
3.58601e-10
3.93179e-10
4.30519e-10
4.12136e-10
3.31581e-10
3.48822e-10
9.08166e-10
8.46229e-10
3.54951e-10
9.778e-10
4.00316e-10
9.52679e-10
3.29734e-10
9.10362e-10
3.85425e-10
3.28205e-10
8.11105e-10
4.3662e-10
3.80214e-10
2.82313e-10
9.20856e-10
3.933e-10
2.95889e-10
8.87776e-10
1.08889e-09
1.02447e-09
8.58627e-10
9.30489e-10
9.09524e-10
1.08532e-09
3.45052e-10
8.98547e-10
3.61587e-10
3.32885e-10
9.18718e-10
9.18295e-10
3.50132e-10
9.89524e-10
3.924e-10
3.72898e-10
3.64398e-10
1.09695e-09
4.46626e-10
4.22364e-10
9.2398e-10
4.00008e-10
3.67057e-10
7.8764e-10
3.93878e-10
9.90187e-10
9.27331e-10
3.62048e-10
7.31571e-10
2.91997e-10
8.29414e-10
9.04027e-10
3.45694e-10
2.83028e-10
3.70204e-10
4.5275e-10
3.00289e-10
8.51982e-10
3.81911e-10
8.68054e-10
8.65745e-10
4.30135e-10
7.11422e-10
3.63897e-10
1.04129e-09
3.91776e-10
1.03701e-09
9.69552e-10
8.90429e-10
8.79253e-10
9.47354e-10
4.04156e-10
4.32584e-10
8.34697e-10
3.80304e-10
3.83451e-10
9.8588e-10
4.04998e-10
3.76948e-10
4.63286e-10
4.73224e-10
7.19707e-10
9.51136e-10
3.99534e-10
3.23975e-10
9.06763e-10
3.22909e-10
3.24045e-10
3.29544e-10
3.23868e-10
3.29713e-10
8.50482e-10
3.90219e-10
3.62553e-10
3.76461e-10
4.37735e-10
4.2529e-10
4.20338e-10
9.79534e-10
3.64137e-10
4.35013e-10
7.351e-10
3.89869e-10
3.19467e-10
4.92212e-10
3.36258e-10
9.36544e-10
4.12276e-10
4.2508e-10
1.02351e-09
3.74282e-10
3.95582e-10
2.84766e-10
3.91714e-10
4.6326e-10
8.08785e-10
9.64605e-10
3.7178e-10
9.1484e-10
1.03029e-09
3.64915e-10
3.00675e-10
8.64668e-10
1.00002e-09
6.95979e-10
8.11885e-10
3.55732e-10
4.08308e-10
3.96499e-10
3.45806e-10
9.7632e-10
8.32183e-10
3.70157e-10
3.80646e-10
7.9131e-10
8.07838e-10
9.60206e-10
2.94692e-10
9.38431e-10
9.48351e-10
3.8735e-10
4.12584e-10
3.50729e-10
8.80903e-10
9.69483e-10
7.08459e-10
7.04732e-10
3.78226e-10
4.36716e-10
2.77427e-10
3.11624e-10
1.07184e-09
2.97357e-10
9.3307e-10
4.12097e-10
9.45068e-10
9.06938e-10
9.40029e-10
8.76925e-10
3.22347e-10
3.70618e-10
2.70821e-10
3.46207e-10
3.98206e-10
3.73587e-10
3.74698e-10
3.72494e-10
1.00421e-09
3.15885e-10
3.40768e-10
3.38458e-10
8.78398e-10
4.11157e-10
4.69248e-10
1.00631e-09
3.55541e-10
4.12013e-10
9.72088e-10
3.10902e-10
3.82624e-10
8.31684e-10
6.18616e-10
3.00632e-10
7.90725e-10
3.88801e-10
9.93276e-10
8.44158e-10
3.49134e-10
4.03035e-10
8.93554e-10
3.37728e-10
7.27554e-10
9.73067e-10
4.3402e-10
2.95484e-10
3.01651e-10
3.94268e-10
3.65714e-10
2.62857e-10
9.69471e-10
3.11847e-10
1.07529e-09
4.29129e-10
9.80199e-10
3.8211e-10
2.61608e-10
3.31422e-10
8.73609e-10
4.2284e-10
9.49311e-10
3.24902e-10
4.28621e-10
1.02872e-09
9.13938e-10
9.16471e-10
3.69398e-10
9.01735e-10
9.18853e-10
4.04454e-10
8.22954e-10
3.06481e-10
2.90882e-10
3.96205e-10
8.2039e-10
4.21506e-10
1.05976e-09
5.37515e-10
3.45909e-10
4.08038e-10
1.01477e-09
3.51464e-10
9.6328e-10
3.66301e-10
9.31875e-10
1.01934e-09
3.11685e-10
3.29961e-10
4.02373e-10
3.60611e-10
8.4572e-10
8.80972e-10
3.22539e-10
4.4497e-10
3.41613e-10
3.09755e-10
9.16239e-10
8.32252e-10
9.12674e-10
1.01936e-09
3.36197e-10
4.46866e-10
9.8725e-10
3.32723e-10
4.01069e-10
8.44123e-10
3.21641e-10
3.06458e-10
3.20497e-10
9.80374e-10
8.82431e-10
9.68302e-10
3.84768e-10
8.36928e-10
3.49746e-10
8.50713e-10
4.09107e-10
3.23045e-10
8.91527e-10
8.81451e-10
8.95778e-10
4.04067e-10
9.64511e-10
2.97939e-10
3.93554e-10
1.10809e-09
1.0522e-09
3.81088e-10
3.18687e-10
3.16929e-10
3.37848e-10
4.15431e-10
9.67208e-10
3.7347e-10
8.93118e-10
3.16984e-10
2.91552e-10
4.19323e-10
9.10686e-10
6.73103e-10
3.29846e-10
3.24976e-10
8.08491e-10
3.90005e-10
3.95568e-10
4.46828e-10
1.03599e-09
2.67452e-10
3.71945e-10
8.73283e-10
8.95728e-10
1.09567e-09
2.68118e-10
9.22799e-10
7.82725e-10
3.96068e-10
2.8059e-10
3.81603e-10
7.59731e-10
4.04199e-10
4.18087e-10
2.28714e-10
3.30103e-10
3.79305e-10
4.5191e-10
4.47007e-10
9.81178e-10
7.8404e-10
3.14702e-10
4.27057e-10
3.35314e-10
3.63281e-10
9.17275e-10
8.88838e-10
8.48601e-10
3.87417e-10
3.53534e-10
9.06304e-10
3.43411e-10
3.64771e-10
9.97572e-10
8.22902e-10
3.46723e-10
8.38538e-10
8.27964e-10
8.74897e-10
3.94045e-10
9.54987e-10
9.09168e-10
3.72381e-10
9.18411e-10
4.14905e-10
3.00765e-10
9.0846e-10
9.77795e-10
7.68073e-10
9.46102e-10
7.96044e-10
3.41685e-10
3.56292e-10
3.41101e-10
9.17854e-10
2.58665e-10
8.57152e-10
3.0588e-10
2.95276e-10
3.36802e-10
9.79539e-10
8.48562e-10
3.14892e-10
3.87554e-10
7.87387e-10
3.9782e-10
3.21777e-10
3.96857e-10
9.44369e-10
2.7949e-10
4.01579e-10
1.04089e-09
4.05594e-10
1.06257e-09
9.42778e-10
3.47038e-10
3.5341e-10
9.14331e-10
2.81402e-10
3.90149e-10
2.59529e-10
4.07298e-10
8.35394e-10
3.33867e-10
7.71347e-10
9.7337e-10
3.41406e-10
3.32468e-10
9.30492e-10
8.08263e-10
4.36131e-10
2.94125e-10
3.89402e-10
3.20368e-10
9.26148e-10
3.60996e-10
7.3067e-10
4.1056e-10
1.1064e-09
3.71845e-10
3.43107e-10
1.01778e-09
1.02041e-09
1.21078e-09
3.7311e-10
3.48504e-10
1.00683e-09
8.09157e-10
3.1326e-10
3.80051e-10
3.81902e-10
9.65464e-10
9.89486e-10
3.59344e-10
9.13258e-10
9.7778e-10
3.31226e-10
7.53162e-10
3.79042e-10
4.01794e-10
3.81534e-10
4.29091e-10
4.41544e-10
3.32711e-10
9.41823e-10
1.02482e-09
3.51897e-10
4.27866e-10
9.58695e-10
9.13525e-10
3.661e-10
4.05945e-10
9.86549e-10
4.01374e-10
3.72197e-10
3.28688e-10
3.42481e-10
8.3016e-10
8.04899e-10
9.82314e-10
8.54579e-10
3.84229e-10
3.56388e-10
9.48417e-10
8.47606e-10
9.58357e-10
9.7102e-10
8.98339e-10
9.37528e-10
3.14227e-10
2.94112e-10
9.76706e-10
4.99717e-10
4.22185e-10
1.06019e-09
1.1303e-09
3.85877e-10
8.39306e-10
9.11762e-10
3.68598e-10
3.3663e-10
1.04184e-09
4.3471e-10
9.84511e-10
3.74039e-10
3.64322e-10
2.93397e-10
4.24024e-10
3.95662e-10
8.69613e-10
8.8534e-10
3.84224e-10
3.96627e-10
9.23086e-10
3.30469e-10
7.49993e-10
4.4901e-10
8.33739e-10
2.95708e-10
3.52853e-10
8.75418e-10
8.18549e-10
9.32812e-10
5.23262e-10
3.19997e-10
3.07684e-10
8.69132e-10
3.98151e-10
2.88295e-10
4.34308e-10
4.23685e-10
3.83138e-10
8.22315e-10
2.86668e-10
3.59442e-10
9.95101e-10
4.29973e-10
1.12823e-09
1.02934e-09
3.44045e-10
3.92057e-10
7.30433e-10
4.7581e-10
4.20518e-10
9.90542e-10
4.12468e-10
3.226e-10
3.36764e-10
8.32001e-10
1.24402e-09
3.38988e-10
3.03262e-10
9.37166e-10
9.20223e-10
9.99442e-10
3.60665e-10
3.38914e-10
8.92598e-10
8.83587e-10
3.81708e-10
7.63427e-10
8.49128e-10
3.71436e-10
8.86964e-10
4.48604e-10
3.17416e-10
3.68649e-10
7.97552e-10
9.90274e-10
8.33596e-10
2.77737e-10
3.91085e-10
3.3318e-10
1.00765e-09
3.0323e-10
4.31048e-10
3.27917e-10
3.16023e-10
3.10529e-10
8.11822e-10
3.58778e-10
4.11893e-10
4.04157e-10
9.90092e-10
9.43199e-10
3.9675e-10
8.52191e-10
3.3766e-10
3.74023e-10
4.94546e-10
1.04564e-09
3.99217e-10
2.99497e-10
8.41532e-10
8.16642e-10
9.14122e-10
3.49783e-10
9.66172e-10
1.08502e-09
2.95423e-10
8.76953e-10
9.55761e-10
9.21894e-10
8.41623e-10
4.32218e-10
3.82875e-10
9.18581e-10
7.05183e-10
9.58819e-10
3.34603e-10
9.34073e-10
1.00932e-09
8.71524e-10
4.94943e-10
8.7354e-10
3.76225e-10
7.99759e-10
9.53894e-10
8.40304e-10
3.84723e-10
9.45754e-10
3.54867e-10
3.60067e-10
3.62434e-10
4.28715e-10
8.42737e-10
9.99883e-10
3.16393e-10
5.05458e-10
1.01981e-09
3.48055e-10
4.29625e-10
9.66728e-10
3.29604e-10
8.25475e-10
3.78835e-10
3.76177e-10
3.73648e-10
3.47269e-10
3.32646e-10
9.63082e-10
9.91609e-10
4.10751e-10
8.1292e-10
9.06209e-10
4.15313e-10
8.21838e-10
3.89548e-10
9.42845e-10
4.20973e-10
4.68641e-10
4.01506e-10
4.32517e-10
9.58503e-10
4.03185e-10
3.6051e-10
9.43407e-10
9.78214e-10
9.62953e-10
3.31234e-10
3.61144e-10
4.16687e-10
3.57839e-10
3.84774e-10
9.98815e-10
8.98968e-10
1.0607e-09
5.00247e-10
3.1805e-10
3.58716e-10
3.03798e-10
8.49796e-10
9.88208e-10
9.74683e-10
3.98751e-10
3.66098e-10
3.97371e-10
8.73715e-10
3.40524e-10
7.88434e-10
3.8154e-10
1.00815e-09
8.22854e-10
3.97692e-10
8.48768e-10
4.21094e-10
9.32303e-10
8.91075e-10
3.12433e-10
9.39764e-10
3.66164e-10
9.06863e-10
3.63131e-10
8.59641e-10
9.60665e-10
8.47917e-10
3.43142e-10
4.0119e-10
8.96322e-10
9.80224e-10
9.6255e-10
9.05531e-10
4.45306e-10
8.62701e-10
3.19295e-10
9.334e-10
8.753e-10
8.71189e-10
3.70637e-10
4.2887e-10
2.90264e-10
5.15556e-10
1.01183e-09
3.08287e-10
2.95876e-10
2.7898e-10
9.3434e-10
3.09087e-10
8.70724e-10
9.36407e-10
4.5769e-10
1.12738e-09
1.0587e-09
4.23881e-10
3.36086e-10
3.40827e-10
3.67366e-10
3.81824e-10
3.811e-10
9.16443e-10
3.42604e-10
9.11353e-10
3.33097e-10
2.95622e-10
3.47631e-10
9.49372e-10
7.93093e-10
8.95114e-10
9.40832e-10
1.00543e-09
8.16808e-10
9.93396e-10
3.25233e-10
9.15553e-10
4.26979e-10
7.40527e-10
8.36547e-10
7.12102e-10
3.8195e-10
3.57182e-10
9.42534e-10
1.06334e-09
9.08443e-10
3.74554e-10
3.63374e-10
9.26759e-10
9.10069e-10
3.49999e-10
9.18224e-10
7.61578e-10
3.29984e-10
2.96076e-10
3.8238e-10
3.82349e-10
9.88619e-10
4.07912e-10
4.51807e-10
3.55808e-10
3.46619e-10
9.22903e-10
3.4467e-10
4.65219e-10
1.06061e-09
2.875e-10
6.23873e-10
7.68261e-10
1.00551e-09
8.1661e-10
1.09122e-09
4.01546e-10
3.05669e-10
3.10208e-10
4.68461e-10
9.15849e-10
9.6578e-10
9.72621e-10
4.21405e-10
4.14403e-10
3.41625e-10
4.45175e-10
3.12823e-10
8.59994e-10
3.27102e-10
3.31895e-10
3.62756e-10
3.43252e-10
4.38105e-10
9.69828e-10
9.08995e-10
3.54904e-10
8.94787e-10
3.63995e-10
3.84322e-10
1.00694e-09
3.60781e-10
5.10713e-10
4.18731e-10
9.17845e-10
3.21043e-10
8.20833e-10
3.59189e-10
3.58424e-10
7.97198e-10
3.81881e-10
9.71006e-10
8.82421e-10
1.01225e-09
3.88487e-10
9.3982e-10
8.12411e-10
4.24627e-10
3.38065e-10
9.37602e-10
4.13661e-10
8.06645e-10
6.92998e-10
3.29029e-10
3.01262e-10
3.64998e-10
1.03015e-09
3.28165e-10
1.01426e-09
4.59867e-10
3.15418e-10
1.0562e-09
3.47391e-10
3.27012e-10
2.98123e-10
8.18058e-10
9.82855e-10
9.06277e-10
1.04582e-09
8.45517e-10
3.48814e-10
1.05237e-09
3.78573e-10
4.18472e-10
3.81838e-10
3.22472e-10
1.02957e-09
9.67945e-10
3.84584e-10
3.68407e-10
9.33707e-10
7.81775e-10
3.1214e-10
3.50209e-10
3.41806e-10
8.78259e-10
3.52728e-10
3.41676e-10
3.58665e-10
3.46725e-10
8.98959e-10
1.00972e-09
4.20108e-10
3.34132e-10
8.82853e-10
8.13797e-10
1.00776e-09
3.42737e-10
9.28803e-10
8.39656e-10
4.52263e-10
4.1979e-10
3.95768e-10
2.99774e-10
4.57573e-10
3.17058e-10
4.25929e-10
3.63611e-10
4.45314e-10
3.62694e-10
3.59691e-10
8.79649e-10
3.82114e-10
3.71418e-10
1.01124e-09
4.73925e-10
8.38242e-10
9.25e-10
4.29574e-10
7.85608e-10
8.91769e-10
8.17858e-10
8.22014e-10
3.22806e-10
7.81299e-10
8.15269e-10
9.28605e-10
8.49541e-10
6.94225e-10
9.23732e-10
1.04338e-09
3.08963e-10
8.14927e-10
1.05693e-09
4.3263e-10
9.48388e-10
4.59697e-10
1.00703e-09
9.24197e-10
4.34884e-10
3.88528e-10
4.18232e-10
1.04463e-09
3.49244e-10
8.42853e-10
4.15657e-10
3.98385e-10
3.04489e-10
3.74102e-10
4.09431e-10
4.11779e-10
8.70932e-10
9.05981e-10
9.77797e-10
3.98257e-10
3.20355e-10
1.00618e-09
4.07169e-10
7.70475e-10
3.66237e-10
3.35241e-10
3.82619e-10
9.12869e-10
4.1972e-10
3.36793e-10
8.0411e-10
1.08431e-09
3.82593e-10
3.35758e-10
3.40244e-10
9.50711e-10
3.44747e-10
8.79897e-10
4.55985e-10
3.68319e-10
3.34107e-10
1.05262e-09
3.40922e-10
1.03264e-09
9.06535e-10
3.78376e-10
3.88167e-10
9.78725e-10
9.56366e-10
3.66055e-10
3.46835e-10
4.37768e-10
1.06966e-09
3.13584e-10
3.82003e-10
8.76895e-10
4.1693e-10
9.07619e-10
1.153e-09
4.2883e-10
3.76485e-10
3.31888e-10
3.16809e-10
1.09609e-09
3.80668e-10
8.15589e-10
8.40753e-10
9.36409e-10
6.8195e-10
3.71037e-10
3.36013e-10
8.17174e-10
3.14876e-10
3.6408e-10
9.1707e-10
8.89851e-10
3.34437e-10
8.72824e-10
3.44036e-10
3.00183e-10
3.85204e-10
7.85345e-10
7.83551e-10
2.89834e-10
4.51279e-10
3.57226e-10
8.83545e-10
9.34921e-10
3.61827e-10
4.18918e-10
8.93868e-10
9.3456e-10
1.04521e-09
3.95658e-10
4.4668e-10
8.24026e-10
9.34704e-10
3.61643e-10
9.12951e-10
3.52942e-10
3.89388e-10
8.98822e-10
1.00781e-09
3.91243e-10
2.81865e-10
3.64713e-10
3.84182e-10
3.16513e-10
9.49712e-10
2.84225e-10
8.86399e-10
1.05782e-09
2.9309e-10
4.69555e-10
1.03018e-09
8.98529e-10
4.05897e-10
2.97081e-10
8.44832e-10
1.0281e-09
3.89342e-10
7.72913e-10
3.21129e-10
9.49656e-10
3.60347e-10
3.50824e-10
3.47723e-10
9.7024e-10
1.08449e-09
3.98641e-10
8.78677e-10
3.01246e-10
1.00492e-09
9.74093e-10
4.07941e-10
4.14071e-10
3.15704e-10
4.03649e-10
1.11141e-09
1.02578e-09
1.01768e-09
3.16995e-10
3.47737e-10
3.65442e-10
8.4589e-10
3.621e-10
9.24624e-10
9.57785e-10
3.91614e-10
8.12847e-10
8.10935e-10
3.62024e-10
8.50068e-10
3.34777e-10
3.69144e-10
3.43043e-10
3.86199e-10
8.34709e-10
3.53366e-10
3.72521e-10
3.44351e-10
4.12965e-10
8.76081e-10
8.7639e-10
3.61017e-10
3.70237e-10
4.66009e-10
4.3236e-10
3.5303e-10
3.6969e-10
7.81676e-10
3.74971e-10
8.81162e-10
3.92761e-10
4.02158e-10
4.28651e-10
3.11643e-10
4.17265e-10
3.11432e-10
3.43212e-10
1.01981e-09
3.61822e-10
4.04201e-10
9.11271e-10
9.50687e-10
9.94707e-10
3.71933e-10
3.88726e-10
9.89142e-10
8.65574e-10
9.13503e-10
1.01151e-09
3.35289e-10
9.19337e-10
3.74019e-10
7.40369e-10
1.04331e-09
9.28879e-10
9.77402e-10
2.96686e-10
8.13952e-10
3.26471e-10
3.72671e-10
9.32433e-10
3.17164e-10
8.66154e-10
3.45811e-10
3.46088e-10
3.88304e-10
3.30669e-10
2.96889e-10
4.15664e-10
3.54965e-10
2.96479e-10
3.71654e-10
3.11377e-10
8.86375e-10
3.43181e-10
9.46055e-10
9.82189e-10
3.80695e-10
3.4653e-10
3.6876e-10
3.2539e-10
3.37667e-10
3.33321e-10
4.38778e-10
1.06201e-09
3.53955e-10
3.78492e-10
3.92964e-10
3.61995e-10
4.16742e-10
7.76162e-10
8.36501e-10
3.79432e-10
5.04888e-10
7.87477e-10
9.23801e-10
3.55983e-10
8.62804e-10
1.01444e-09
8.2151e-10
4.55572e-10
3.83541e-10
3.87525e-10
3.71237e-10
7.8891e-10
8.66722e-10
3.59968e-10
2.94422e-10
3.83385e-10
3.79945e-10
9.18798e-10
3.98536e-10
3.97557e-10
8.7471e-10
3.35285e-10
4.07325e-10
3.50435e-10
9.34345e-10
3.06369e-10
3.94384e-10
2.8998e-10
9.3121e-10
8.09697e-10
9.16867e-10
8.13125e-10
9.44476e-10
8.32206e-10
3.78026e-10
7.52212e-10
3.66114e-10
3.953e-10
3.42236e-10
8.09298e-10
3.48525e-10
3.66051e-10
1.05109e-09
8.48595e-10
9.49351e-10
3.27908e-10
8.55711e-10
3.75154e-10
9.5225e-10
3.58932e-10
3.80509e-10
8.94116e-10
1.03475e-09
8.1358e-10
4.58614e-10
8.9975e-10
3.80826e-10
4.17193e-10
3.43875e-10
3.80415e-10
8.91031e-10
4.16534e-10
9.79443e-10
3.18096e-10
4.27006e-10
9.97072e-10
3.94267e-10
8.10475e-10
7.74409e-10
4.15507e-10
3.36586e-10
9.13292e-10
9.67788e-10
1.04804e-09
3.56486e-10
1.00661e-09
3.32813e-10
9.89369e-10
2.55977e-10
3.64011e-10
8.44716e-10
2.95045e-10
3.75245e-10
3.23076e-10
9.28932e-10
4.89423e-10
3.10583e-10
8.14018e-10
3.99157e-10
3.90199e-10
9.29257e-10
3.67894e-10
4.45408e-10
3.27491e-10
9.29219e-10
3.50954e-10
9.12481e-10
8.68254e-10
3.37049e-10
3.72832e-10
2.67186e-10
9.62341e-10
3.32054e-10
9.62159e-10
3.5704e-10
6.0842e-10
1.00669e-09
3.55236e-10
3.67206e-10
8.51568e-10
1.02405e-09
9.6147e-10
3.42334e-10
3.65716e-10
9.04373e-10
1.03598e-09
9.10549e-10
7.66929e-10
3.25511e-10
1.04737e-09
9.37594e-10
4.21879e-10
3.78064e-10
3.81607e-10
8.54061e-10
8.79394e-10
3.91504e-10
4.18379e-10
3.30367e-10
3.68361e-10
4.57109e-10
4.07869e-10
7.45803e-10
3.62765e-10
1.12786e-09
9.58636e-10
2.9709e-10
3.78539e-10
9.37046e-10
8.03032e-10
3.68059e-10
4.47699e-10
8.99864e-10
3.12706e-10
3.42249e-10
9.57557e-10
7.99151e-10
8.33237e-10
4.68889e-10
3.59147e-10
8.81037e-10
3.26092e-10
3.99526e-10
3.74239e-10
7.43122e-10
8.29044e-10
9.58253e-10
8.86293e-10
1.00223e-09
2.97929e-10
3.55846e-10
3.29232e-10
9.92984e-10
4.24453e-10
2.63549e-10
3.74427e-10
3.58004e-10
3.56331e-10
3.21787e-10
8.5059e-10
3.52889e-10
4.0586e-10
4.04759e-10
3.95384e-10
1.0007e-09
3.21032e-10
4.1655e-10
1.08481e-09
8.24438e-10
9.8443e-10
3.06094e-10
3.31915e-10
3.51455e-10
9.21206e-10
9.97842e-10
3.58043e-10
1.04568e-09
8.96767e-10
9.05928e-10
8.99497e-10
8.10468e-10
7.94681e-10
3.49002e-10
3.36213e-10
3.70716e-10
4.69412e-10
5.0298e-10
9.23403e-10
8.24804e-10
2.97322e-10
3.35166e-10
4.98745e-10
3.25989e-10
7.76041e-10
9.79187e-10
8.43652e-10
3.37174e-10
1.00331e-09
3.422e-10
4.81361e-10
4.61236e-10
3.29606e-10
9.38687e-10
8.01466e-10
9.2154e-10
4.43497e-10
8.11151e-10
4.0132e-10
7.62081e-10
9.74524e-10
3.85988e-10
3.27185e-10
9.39081e-10
3.60076e-10
3.54868e-10
3.28275e-10
8.09806e-10
3.75512e-10
7.74509e-10
8.52371e-10
4.10686e-10
7.75588e-10
7.64657e-10
8.35894e-10
1.02081e-09
3.47303e-10
3.79592e-10
8.01274e-10
3.61e-10
4.04322e-10
4.21422e-10
3.99136e-10
4.7271e-10
4.04388e-10
3.63356e-10
1.01187e-09
8.90064e-10
4.52902e-10
4.20851e-10
1.00412e-09
3.15765e-10
3.73348e-10
1.01465e-09
4.26821e-10
4.07588e-10
8.79296e-10
2.79219e-10
3.07616e-10
3.61219e-10
3.30239e-10
9.6711e-10
4.08686e-10
3.32865e-10
8.18952e-10
4.22059e-10
9.50578e-10
9.44962e-10
1.02429e-09
3.62797e-10
7.92567e-10
1.01839e-09
8.85418e-10
9.06132e-10
4.10821e-10
3.75538e-10
8.75454e-10
3.89829e-10
3.23113e-10
3.38006e-10
3.91338e-10
3.02339e-10
3.50214e-10
3.31915e-10
3.3729e-10
8.49154e-10
1.04491e-09
8.52859e-10
3.80523e-10
7.6518e-10
4.10475e-10
3.93135e-10
3.40302e-10
1.0977e-09
2.8799e-10
3.95819e-10
4.13908e-10
1.00132e-09
3.12613e-10
3.45368e-10
3.03841e-10
3.4316e-10
3.67015e-10
8.66011e-10
1.10941e-09
2.9363e-10
9.49903e-10
8.06912e-10
3.94843e-10
9.41063e-10
8.33513e-10
8.01699e-10
4.15076e-10
1.00825e-09
9.70639e-10
3.76179e-10
3.12612e-10
9.25551e-10
3.27884e-10
1.01038e-09
3.42727e-10
3.96118e-10
8.84158e-10
3.8603e-10
3.20461e-10
3.6172e-10
3.11429e-10
9.27756e-10
4.79636e-10
4.10519e-10
8.56511e-10
8.71344e-10
3.95336e-10
8.79859e-10
7.88098e-10
3.62893e-10
9.54951e-10
8.72502e-10
4.15759e-10
4.69144e-10
1.03565e-09
2.89493e-10
4.24773e-10
7.51282e-10
3.74793e-10
4.16618e-10
4.03913e-10
4.91175e-10
9.95166e-10
9.20102e-10
3.47904e-10
3.58607e-10
4.35569e-10
9.0006e-10
9.32196e-10
4.16407e-10
1.18834e-09
9.19393e-10
8.83236e-10
1.12921e-09
4.3889e-10
1.03078e-09
4.44752e-10
3.23411e-10
3.87772e-10
4.23877e-10
9.57793e-10
2.78659e-10
3.86573e-10
9.10977e-10
8.73279e-10
8.04508e-10
3.01912e-10
3.6732e-10
3.87284e-10
3.1759e-10
9.58505e-10
3.24259e-10
9.0452e-10
4.82142e-10
3.65787e-10
3.61617e-10
7.86718e-10
2.7741e-10
3.87983e-10
1.05439e-09
3.40141e-10
4.19636e-10
3.46079e-10
1.05617e-09
2.89643e-10
3.85858e-10
1.02854e-09
1.01822e-09
4.43114e-10
7.99835e-10
1.08621e-09
8.97904e-10
5.306e-10
3.24613e-10
8.28413e-10
4.45184e-10
9.55301e-10
8.98857e-10
5.14089e-10
8.98931e-10
3.22754e-10
3.81295e-10
3.29447e-10
3.62354e-10
4.36185e-10
3.52924e-10
1.0576e-09
1.19839e-09
3.61162e-10
3.14677e-10
4.26397e-10
1.0331e-09
3.98669e-10
3.91413e-10
4.58691e-10
8.17073e-10
1.03461e-09
7.88712e-10
9.3965e-10
9.383e-10
8.86838e-10
3.32224e-10
3.74243e-10
3.23467e-10
3.42585e-10
1.0369e-09
3.6859e-10
8.54652e-10
3.72831e-10
3.27945e-10
9.51296e-10
3.39689e-10
3.78355e-10
7.43351e-10
3.8032e-10
9.261e-10
1.01497e-09
9.79789e-10
3.36848e-10
3.15395e-10
4.50021e-10
9.33478e-10
9.90494e-10
4.17674e-10
1.04205e-09
5.10301e-10
9.11509e-10
3.78768e-10
3.52769e-10
1.10537e-09
3.99237e-10
4.48489e-10
9.59312e-10
9.23453e-10
8.84084e-10
3.84376e-10
3.62119e-10
7.83173e-10
3.70035e-10
4.20518e-10
8.55524e-10
8.00543e-10
9.628e-10
2.89792e-10
9.16103e-10
1.02912e-09
3.67521e-10
4.17507e-10
4.65615e-10
8.69985e-10
3.24127e-10
8.44538e-10
5.56117e-10
3.49277e-10
3.17352e-10
9.10491e-10
4.10669e-10
3.47941e-10
4.15698e-10
4.12667e-10
3.54863e-10
4.63091e-10
1.0064e-09
3.79144e-10
9.52172e-10
3.53152e-10
3.62567e-10
3.75765e-10
3.04798e-10
8.03975e-10
3.06338e-10
3.16206e-10
8.87446e-10
3.58781e-10
3.52775e-10
9.36053e-10
3.74632e-10
9.1544e-10
3.02364e-10
9.36465e-10
8.00996e-10
2.74515e-10
3.42207e-10
8.46775e-10
3.86377e-10
3.31004e-10
8.79211e-10
9.06863e-10
3.92597e-10
9.89738e-10
3.66487e-10
9.23009e-10
4.63909e-10
9.06877e-10
4.00231e-10
3.38599e-10
2.971e-10
1.04449e-09
9.98167e-10
3.96356e-10
8.06022e-10
9.37453e-10
9.78138e-10
9.62147e-10
7.1899e-10
3.83637e-10
3.473e-10
9.71916e-10
8.12444e-10
9.35237e-10
3.49656e-10
5.67171e-10
1.0024e-09
1.01457e-09
3.50124e-10
9.79684e-10
3.84798e-10
3.21558e-10
3.03867e-10
8.72765e-10
8.42851e-10
3.51559e-10
5.16486e-10
4.03873e-10
1.14811e-09
3.26529e-10
9.63817e-10
3.7679e-10
3.33387e-10
9.94405e-10
1.00245e-09
9.80335e-10
2.96096e-10
3.91946e-10
3.85554e-10
4.27546e-10
2.6019e-10
3.66883e-10
4.09945e-10
9.28994e-10
3.906e-10
1.04932e-09
3.42647e-10
1.04434e-09
8.42875e-10
4.07505e-10
1.02318e-09
3.38062e-10
3.51344e-10
9.43885e-10
4.49641e-10
3.52113e-10
3.95174e-10
4.51163e-10
4.49784e-10
3.29846e-10
3.85185e-10
3.48938e-10
9.63839e-10
9.32039e-10
8.83781e-10
9.58116e-10
9.12789e-10
8.69105e-10
8.54221e-10
3.80704e-10
3.22755e-10
9.75908e-10
8.47606e-10
2.97112e-10
9.74041e-10
3.44498e-10
7.26998e-10
8.32697e-10
2.93224e-10
9.21019e-10
8.14641e-10
3.48287e-10
1.02786e-09
8.59677e-10
8.32668e-10
9.49313e-10
4.57843e-10
6.17663e-10
3.51058e-10
8.10864e-10
9.06125e-10
1.00223e-09
3.91758e-10
4.43335e-10
3.20767e-10
8.97875e-10
9.50943e-10
3.61081e-10
8.46794e-10
8.11776e-10
2.92066e-10
3.4994e-10
1.02889e-09
3.76817e-10
3.89905e-10
2.58035e-10
3.24237e-10
9.73572e-10
7.66053e-10
9.30996e-10
9.3013e-10
3.49382e-10
9.38223e-10
9.95814e-10
3.02159e-10
9.55066e-10
3.62323e-10
3.55667e-10
3.9268e-10
8.42529e-10
3.65851e-10
4.26943e-10
4.14084e-10
3.5393e-10
5.48732e-10
3.21528e-10
4.17809e-10
3.79474e-10
3.40571e-10
8.88954e-10
3.36192e-10
9.53871e-10
2.84154e-10
3.95296e-10
8.90468e-10
3.66668e-10
3.70005e-10
3.82464e-10
3.84177e-10
2.61061e-10
3.04045e-10
8.70538e-10
3.99915e-10
4.83954e-10
3.97457e-10
3.60805e-10
8.68466e-10
8.4361e-10
3.55809e-10
3.89286e-10
3.97625e-10
4.21613e-10
9.56437e-10
2.6923e-10
3.04823e-10
4.79466e-10
9.72821e-10
4.33967e-10
9.32343e-10
3.01684e-10
3.687e-10
3.49401e-10
9.67593e-10
4.51055e-10
8.90874e-10
3.39582e-10
9.22696e-10
9.42666e-10
8.80656e-10
9.1806e-10
7.83145e-10
9.22739e-10
3.40645e-10
4.73018e-10
7.94745e-10
9.22325e-10
4.51941e-10
8.38635e-10
9.27995e-10
3.51512e-10
4.0253e-10
4.35914e-10
9.81728e-10
2.81653e-10
3.80416e-10
3.81372e-10
1.00184e-09
9.76897e-10
1.01036e-09
9.1735e-10
2.79692e-10
9.70216e-10
7.41295e-10
1.00235e-09
4.12466e-10
8.6158e-10
3.58759e-10
2.6767e-10
8.36993e-10
9.20404e-10
9.17127e-10
3.91949e-10
4.02672e-10
7.68654e-10
4.21236e-10
2.91274e-10
4.20846e-10
1.00157e-09
3.49694e-10
4.49205e-10
4.42629e-10
3.56526e-10
3.72232e-10
6.9803e-10
9.56455e-10
2.9991e-10
3.90365e-10
7.85447e-10
9.31604e-10
1.04556e-09
3.75979e-10
4.23764e-10
3.98883e-10
3.70397e-10
1.02041e-09
8.81127e-10
3.88019e-10
8.03967e-10
3.98357e-10
4.01037e-10
8.93514e-10
3.29246e-10
1.06838e-09
3.85693e-10
9.16852e-10
8.19119e-10
8.6101e-10
7.82165e-10
9.75879e-10
1.01065e-09
3.52347e-10
1.0112e-09
3.54468e-10
4.41654e-10
8.67677e-10
4.19016e-10
3.71843e-10
3.65235e-10
7.31095e-10
2.85393e-10
4.36753e-10
7.44359e-10
8.68181e-10
8.32291e-10
3.97859e-10
3.85929e-10
9.89402e-10
3.54038e-10
9.09209e-10
3.48095e-10
4.00293e-10
9.18636e-10
8.40139e-10
4.0259e-10
1.098e-09
9.78129e-10
8.93774e-10
2.87953e-10
2.85208e-10
7.86559e-10
8.19213e-10
3.33641e-10
3.6461e-10
1.0036e-09
4.16799e-10
4.26744e-10
3.70848e-10
7.66094e-10
3.58663e-10
9.61654e-10
3.16421e-10
3.48082e-10
3.31904e-10
7.96942e-10
1.06214e-09
3.70269e-10
3.86662e-10
4.41044e-10
8.69361e-10
8.62824e-10
3.2462e-10
3.85069e-10
3.69431e-10
8.74855e-10
9.47538e-10
3.62574e-10
8.77063e-10
3.36974e-10
9.26345e-10
3.58962e-10
8.47076e-10
3.62631e-10
4.25446e-10
8.61569e-10
3.94648e-10
4.03234e-10
7.45579e-10
9.03792e-10
3.22882e-10
8.78608e-10
3.60715e-10
9.86737e-10
8.04458e-10
3.22056e-10
7.41186e-10
3.13264e-10
1.03631e-09
9.49794e-10
9.07764e-10
3.79028e-10
3.67408e-10
3.72496e-10
3.86783e-10
4.10517e-10
2.35625e-10
8.93702e-10
9.52439e-10
8.52908e-10
1.10598e-09
3.68823e-10
3.71204e-10
4.14755e-10
8.50879e-10
7.49646e-10
8.79393e-10
4.02902e-10
3.94882e-10
8.98677e-10
9.12991e-10
4.00536e-10
3.56126e-10
4.83549e-10
4.07919e-10
3.3671e-10
1.06324e-09
3.35741e-10
3.62384e-10
4.21154e-10
3.82344e-10
1.00241e-09
3.74605e-10
3.06935e-10
4.45695e-10
3.35385e-10
3.02986e-10
3.07772e-10
3.42641e-10
4.03516e-10
4.12877e-10
3.77544e-10
3.22222e-10
3.15396e-10
8.09085e-10
3.50731e-10
8.11641e-10
3.54227e-10
2.98538e-10
9.27695e-10
3.8632e-10
4.43275e-10
1.09152e-09
3.83503e-10
9.3321e-10
7.73587e-10
9.19581e-10
9.07958e-10
3.10824e-10
3.57042e-10
8.7828e-10
9.78869e-10
8.28955e-10
3.82841e-10
9.93875e-10
1.05346e-09
4.55903e-10
8.70359e-10
3.19146e-10
8.76923e-10
3.41766e-10
3.83707e-10
6.84868e-10
4.71932e-10
2.95755e-10
3.02713e-10
9.21923e-10
1.015e-09
3.24189e-10
4.10085e-10
3.43272e-10
7.4736e-10
8.59115e-10
3.84513e-10
9.44519e-10
8.46809e-10
8.27754e-10
3.43365e-10
3.89581e-10
3.22833e-10
9.07209e-10
4.26128e-10
9.5443e-10
3.29314e-10
3.81393e-10
4.01025e-10
3.52565e-10
3.80106e-10
8.05271e-10
9.38038e-10
4.40565e-10
3.34889e-10
2.67492e-10
9.79851e-10
3.85479e-10
3.09511e-10
3.2667e-10
1.00315e-09
2.88631e-10
8.50716e-10
4.53351e-10
9.03219e-10
8.5603e-10
3.75412e-10
9.1151e-10
3.08722e-10
3.27416e-10
3.52441e-10
3.0174e-10
4.14188e-10
4.33599e-10
9.08174e-10
1.16121e-09
3.05407e-10
9.68195e-10
8.08771e-10
3.18533e-10
1.00719e-09
7.68461e-10
3.88569e-10
3.70629e-10
1.08985e-09
3.32197e-10
2.61568e-10
1.07715e-09
3.24716e-10
8.76237e-10
9.43603e-10
3.5819e-10
3.72022e-10
3.87592e-10
9.05705e-10
7.95174e-10
3.19121e-10
4.88417e-10
3.47894e-10
1.01207e-09
4.16979e-10
3.31962e-10
2.9979e-10
3.09839e-10
2.23003e-10
8.73706e-10
4.15565e-10
1.01672e-09
3.76843e-10
9.68186e-10
3.93858e-10
2.63208e-10
9.18101e-10
4.22874e-10
1.04297e-09
8.45438e-10
9.60387e-10
9.10331e-10
3.8602e-10
2.13027e-10
8.36025e-10
3.21615e-10
3.30756e-10
4.68138e-10
3.73662e-10
7.49262e-10
8.42048e-10
4.2106e-10
3.21364e-10
9.56578e-10
9.96724e-10
8.99633e-10
3.76092e-10
2.60432e-10
3.31896e-10
3.01426e-10
4.6132e-10
9.93396e-10
9.82606e-10
9.67257e-10
3.82647e-10
9.34856e-10
3.71713e-10
4.11355e-10
9.37633e-10
3.47353e-10
4.50751e-10
3.96018e-10
8.48203e-10
8.34025e-10
3.87333e-10
9.51545e-10
3.83683e-10
4.7577e-10
9.56305e-10
3.28892e-10
3.1701e-10
4.78873e-10
4.09459e-10
9.21767e-10
1.05381e-09
9.59514e-10
4.76493e-10
9.00211e-10
7.82428e-10
8.61402e-10
3.91604e-10
2.97394e-10
9.80501e-10
1.09086e-09
9.65379e-10
4.14224e-10
2.44782e-10
3.11961e-10
4.05011e-10
3.0021e-10
9.10245e-10
8.10177e-10
8.48374e-10
3.455e-10
3.5121e-10
3.57506e-10
3.55581e-10
9.99072e-10
7.63293e-10
1.06387e-09
7.11514e-10
9.22369e-10
3.22799e-10
3.22755e-10
8.74716e-10
4.15128e-10
3.55869e-10
4.24056e-10
3.75862e-10
6.86745e-10
3.35051e-10
9.14372e-10
3.86073e-10
3.59992e-10
6.88605e-10
3.38877e-10
3.40293e-10
3.36032e-10
7.51497e-10
7.46486e-10
8.41049e-10
3.818e-10
5.79845e-10
3.43032e-10
1.0372e-09
3.67384e-10
4.19549e-10
4.18611e-10
3.36245e-10
9.20175e-10
3.78149e-10
2.63822e-10
9.44488e-10
2.85521e-10
8.76433e-10
1.0306e-09
3.67001e-10
3.37391e-10
7.00049e-10
3.29524e-10
4.14883e-10
4.08201e-10
1.23189e-09
4.37203e-10
3.35686e-10
3.38555e-10
3.1827e-10
9.79604e-10
8.65214e-10
3.84726e-10
3.80672e-10
3.52305e-10
8.37696e-10
3.81527e-10
8.49209e-10
8.98325e-10
8.23929e-10
9.40342e-10
9.03484e-10
3.87623e-10
9.14268e-10
3.97052e-10
3.32963e-10
1.14597e-09
9.70786e-10
8.59395e-10
4.34914e-10
3.76802e-10
7.29689e-10
3.58004e-10
8.20031e-10
1.00347e-09
3.92914e-10
3.88134e-10
4.45884e-10
2.96987e-10
9.11651e-10
3.24797e-10
2.87486e-10
4.02578e-10
8.84416e-10
3.22878e-10
3.80217e-10
3.66168e-10
1.24682e-09
4.11658e-10
3.37459e-10
9.12e-10
3.72571e-10
7.68804e-10
3.12825e-10
3.41142e-10
4.57837e-10
1.06671e-09
3.67456e-10
9.3114e-10
3.54336e-10
3.31444e-10
4.01116e-10
3.67332e-10
3.68773e-10
9.21482e-10
1.04636e-09
3.68233e-10
3.93898e-10
3.3303e-10
1.01218e-09
8.12233e-10
9.47749e-10
3.62483e-10
9.21694e-10
8.87523e-10
3.79335e-10
3.26731e-10
4.17016e-10
1.00127e-09
4.90117e-10
4.27063e-10
3.65613e-10
3.95166e-10
3.20366e-10
9.99032e-10
3.63071e-10
8.48165e-10
3.93801e-10
9.64616e-10
3.94384e-10
4.47239e-10
2.94106e-10
7.27087e-10
9.65323e-10
3.97277e-10
8.17205e-10
3.01408e-10
9.28434e-10
4.50754e-10
2.92954e-10
4.30506e-10
3.24344e-10
8.39941e-10
8.48573e-10
3.56085e-10
4.05827e-10
3.52732e-10
7.31121e-10
7.99615e-10
9.88323e-10
9.22455e-10
8.58492e-10
3.59343e-10
8.40171e-10
5.09432e-10
9.70751e-10
8.29465e-10
1.00729e-09
9.24754e-10
3.11252e-10
2.8815e-10
4.10187e-10
4.05611e-10
2.90913e-10
3.0397e-10
9.27842e-10
7.28843e-10
3.51935e-10
3.43443e-10
3.60063e-10
8.80229e-10
1.05485e-09
8.92627e-10
9.73132e-10
8.26939e-10
4.67617e-10
3.48009e-10
3.63151e-10
3.33418e-10
1.19907e-09
8.87139e-10
8.24785e-10
3.19008e-10
3.08937e-10
8.9955e-10
7.48563e-10
3.64541e-10
3.6025e-10
3.71802e-10
1.05254e-09
7.5121e-10
3.84084e-10
3.2382e-10
4.05755e-10
9.93385e-10
4.55701e-10
1.02832e-09
3.75203e-10
3.47769e-10
4.00911e-10
3.96738e-10
3.31893e-10
4.76134e-10
3.82723e-10
1.00752e-09
3.54505e-10
3.59283e-10
8.72976e-10
3.76834e-10
1.00587e-09
3.48672e-10
3.85386e-10
3.52532e-10
4.33595e-10
4.07312e-10
3.64847e-10
3.65793e-10
3.98607e-10
9.16374e-10
9.86556e-10
3.54045e-10
3.82424e-10
8.46327e-10
3.46548e-10
3.23536e-10
8.70501e-10
3.19691e-10
3.92005e-10
3.39178e-10
8.16507e-10
1.07559e-09
9.05947e-10
7.62566e-10
3.51165e-10
3.37986e-10
3.61317e-10
4.26191e-10
3.18703e-10
8.70992e-10
2.88343e-10
8.64781e-10
1.01475e-09
9.69451e-10
4.17666e-10
3.33832e-10
1.106e-09
2.88311e-10
9.59088e-10
8.55198e-10
4.13438e-10
9.73757e-10
7.75289e-10
3.6013e-10
8.38677e-10
8.85046e-10
4.91029e-10
3.18605e-10
3.55189e-10
3.98299e-10
7.78741e-10
3.66061e-10
4.03159e-10
3.80357e-10
3.86566e-10
3.88413e-10
8.26207e-10
8.73285e-10
3.57649e-10
1.07194e-09
3.76312e-10
8.76395e-10
9.45266e-10
9.70287e-10
1.01624e-09
3.19036e-10
6.98313e-10
3.57715e-10
9.38408e-10
3.9892e-10
3.33897e-10
8.83912e-10
1.0695e-09
1.07922e-09
9.08557e-10
3.56735e-10
3.22213e-10
4.00948e-10
2.71794e-10
3.52215e-10
8.31067e-10
3.59937e-10
4.43383e-10
3.93191e-10
4.15921e-10
3.50239e-10
9.72578e-10
4.4622e-10
4.23548e-10
8.84821e-10
3.0685e-10
8.32584e-10
8.2216e-10
9.80688e-10
4.11393e-10
3.08503e-10
8.94626e-10
4.64677e-10
3.69848e-10
9.46542e-10
3.57224e-10
3.61561e-10
3.03425e-10
4.47773e-10
3.32517e-10
3.53601e-10
4.26352e-10
1.16367e-09
3.72184e-10
1.06178e-09
3.85455e-10
9.97682e-10
3.8047e-10
9.75093e-10
9.14027e-10
3.42612e-10
3.4376e-10
3.36613e-10
3.68879e-10
8.55831e-10
3.72447e-10
9.98834e-10
8.95017e-10
3.05861e-10
8.60682e-10
8.75639e-10
9.59691e-10
4.09223e-10
3.21229e-10
3.67555e-10
8.25951e-10
3.08543e-10
3.88441e-10
4.48317e-10
1.00084e-09
3.22807e-10
3.86688e-10
4.22006e-10
4.60803e-10
8.36292e-10
8.13844e-10
3.54476e-10
3.34979e-10
8.97774e-10
8.26762e-10
3.53656e-10
4.36981e-10
9.9748e-10
3.60795e-10
3.31572e-10
4.21121e-10
3.77007e-10
3.24431e-10
7.51838e-10
8.76731e-10
3.70915e-10
1.12016e-09
1.01978e-09
7.36161e-10
3.47905e-10
9.32368e-10
3.86179e-10
1.0627e-09
8.76035e-10
1.03291e-09
9.76471e-10
3.77532e-10
8.10646e-10
4.33124e-10
7.84715e-10
7.95037e-10
3.8474e-10
9.51958e-10
3.88995e-10
3.78833e-10
3.64347e-10
3.39261e-10
8.38632e-10
3.02337e-10
3.58196e-10
1.08825e-09
4.02055e-10
4.72282e-10
1.10492e-09
4.33186e-10
1.00821e-09
4.07053e-10
3.66863e-10
3.34735e-10
3.69196e-10
4.31837e-10
2.29e-10
3.37213e-10
3.11551e-10
3.30604e-10
3.53874e-10
9.70571e-10
3.78615e-10
8.43814e-10
9.53827e-10
3.71062e-10
3.78024e-10
1.0965e-09
3.88492e-10
3.36627e-10
3.72165e-10
9.02396e-10
4.08976e-10
3.29583e-10
3.77139e-10
8.04909e-10
8.42654e-10
4.12665e-10
9.11639e-10
1.04172e-09
3.3164e-10
1.1221e-09
2.94217e-10
3.88753e-10
8.70468e-10
9.18497e-10
3.75061e-10
9.42225e-10
3.08756e-10
9.79514e-10
4.32683e-10
7.21301e-10
2.85827e-10
8.72766e-10
4.67723e-10
3.69666e-10
1.11232e-09
3.21534e-10
9.00217e-10
3.68551e-10
3.65549e-10
2.72193e-10
9.34086e-10
3.10582e-10
3.5473e-10
9.25812e-10
3.71631e-10
3.704e-10
3.35461e-10
9.28571e-10
3.25404e-10
3.47435e-10
9.988e-10
8.15159e-10
3.84743e-10
9.05418e-10
9.78044e-10
1.13789e-09
9.11499e-10
3.47489e-10
9.30622e-10
3.70073e-10
3.30097e-10
4.5981e-10
3.98899e-10
1.06788e-09
1.04117e-09
3.44312e-10
4.00893e-10
3.87484e-10
9.32264e-10
4.19997e-10
8.43915e-10
1.03547e-09
9.88138e-10
4.76712e-10
3.49899e-10
1.0365e-09
9.19057e-10
3.58889e-10
8.58447e-10
4.51109e-10
4.97809e-10
4.21447e-10
3.28963e-10
8.86859e-10
8.95364e-10
3.7201e-10
1.02314e-09
3.66032e-10
6.492e-10
5.13075e-10
3.9174e-10
8.35723e-10
7.07485e-10
9.90275e-10
3.40882e-10
3.27284e-10
3.63608e-10
8.41224e-10
3.17781e-10
9.06507e-10
3.7747e-10
4.23775e-10
9.61494e-10
3.63181e-10
9.66848e-10
3.07036e-10
2.6999e-10
3.6294e-10
9.99993e-10
2.64739e-10
1.0146e-09
9.12006e-10
4.87662e-10
8.60239e-10
5.23743e-10
9.4936e-10
8.75689e-10
3.68186e-10
9.01991e-10
3.78195e-10
1.02909e-09
2.75699e-10
3.04346e-10
3.87874e-10
3.46165e-10
9.72072e-10
2.86732e-10
3.17979e-10
3.32412e-10
4.06729e-10
1.03548e-09
3.60549e-10
4.04321e-10
8.80728e-10
4.41561e-10
3.45053e-10
2.5564e-10
9.89812e-10
9.93347e-10
3.34671e-10
3.29061e-10
3.71494e-10
9.38332e-10
3.10044e-10
8.3715e-10
4.71435e-10
3.64333e-10
4.11664e-10
9.01932e-10
3.09259e-10
3.50462e-10
8.5282e-10
9.8781e-10
1.03215e-09
4.92416e-10
4.02085e-10
4.39223e-10
9.24413e-10
9.79004e-10
9.45383e-10
3.43592e-10
3.31614e-10
9.60161e-10
1.12072e-09
4.69581e-10
2.55869e-10
3.03551e-10
4.99105e-10
1.03031e-09
3.19936e-10
3.84691e-10
2.69794e-10
3.70814e-10
3.0132e-10
3.5066e-10
4.08521e-10
1.0057e-09
1.01352e-09
9.89687e-10
4.18589e-10
9.08821e-10
1.02086e-09
1.04958e-09
3.51762e-10
3.51537e-10
9.80616e-10
2.5324e-10
1.05651e-09
9.4066e-10
3.3638e-10
3.44049e-10
9.9893e-10
3.2247e-10
1.02673e-09
2.99827e-10
3.30857e-10
3.0132e-10
1.06261e-09
3.29419e-10
3.60428e-10
9.10953e-10
4.1414e-10
3.75409e-10
2.76297e-10
3.71773e-10
3.30365e-10
4.28548e-10
4.14159e-10
1.06539e-09
3.98203e-10
1.16552e-09
2.86331e-10
3.95483e-10
3.84444e-10
7.80709e-10
9.45947e-10
4.15368e-10
3.46677e-10
9.56894e-10
2.76739e-10
8.60459e-10
3.5478e-10
9.48019e-10
4.16943e-10
3.28775e-10
3.4548e-10
3.58221e-10
3.81091e-10
3.52832e-10
3.68304e-10
3.66586e-10
3.53383e-10
1.05222e-09
9.42796e-10
8.48397e-10
4.12169e-10
9.90561e-10
4.13315e-10
4.18565e-10
3.46841e-10
8.48719e-10
3.61972e-10
2.9497e-10
4.16057e-10
8.24752e-10
9.29701e-10
4.45199e-10
3.62464e-10
3.75117e-10
8.80243e-10
1.0408e-09
3.33114e-10
4.66492e-10
3.32308e-10
3.64838e-10
4.5949e-10
3.46987e-10
3.84592e-10
4.82653e-10
4.43434e-10
3.85766e-10
9.92727e-10
3.87579e-10
3.48507e-10
4.08118e-10
7.94258e-10
9.53884e-10
3.80401e-10
3.99066e-10
7.70814e-10
8.59341e-10
3.653e-10
3.84675e-10
4.05424e-10
8.33243e-10
8.13185e-10
3.37901e-10
3.44654e-10
3.36538e-10
4.74864e-10
8.86243e-10
3.95493e-10
2.74334e-10
9.10219e-10
3.73899e-10
3.07053e-10
3.89203e-10
2.90633e-10
4.27482e-10
2.16463e-10
3.08709e-10
3.04818e-10
3.91738e-10
3.74976e-10
8.71353e-10
4.14903e-10
4.56713e-10
9.10319e-10
9.76124e-10
9.98199e-10
8.38788e-10
8.02166e-10
4.37752e-10
4.03534e-10
3.8703e-10
7.92713e-10
1.09556e-09
3.84208e-10
8.24679e-10
3.08188e-10
9.63212e-10
3.54217e-10
8.94969e-10
4.8326e-10
7.77565e-10
3.99752e-10
5.47016e-10
3.21565e-10
3.05577e-10
5.02519e-10
3.19588e-10
8.79404e-10
8.05948e-10
1.02305e-09
4.13462e-10
4.29085e-10
9.39959e-10
3.86099e-10
9.25014e-10
4.12128e-10
4.79068e-10
9.77292e-10
3.38924e-10
4.42966e-10
3.8706e-10
3.18261e-10
9.48488e-10
7.52527e-10
9.86144e-10
9.0439e-10
3.80468e-10
9.31807e-10
4.1046e-10
1.00451e-09
7.50373e-10
9.67135e-10
3.75595e-10
4.36198e-10
3.42294e-10
1.05884e-09
3.31893e-10
1.02228e-09
4.25785e-10
3.33744e-10
4.02977e-10
3.86192e-10
3.25896e-10
1.03087e-09
3.24705e-10
8.88177e-10
8.84962e-10
3.09762e-10
2.77281e-10
4.19123e-10
3.56409e-10
8.36059e-10
3.56876e-10
9.55897e-10
9.5734e-10
4.29196e-10
4.30637e-10
9.82254e-10
3.12055e-10
3.05088e-10
4.41365e-10
8.76171e-10
4.81105e-10
3.86316e-10
3.45006e-10
4.56033e-10
3.24228e-10
9.72584e-10
8.04437e-10
3.62925e-10
3.39694e-10
3.81654e-10
2.64436e-10
8.8007e-10
3.62675e-10
4.36932e-10
9.61027e-10
1.02001e-09
3.2175e-10
8.64586e-10
3.68585e-10
3.74691e-10
9.12213e-10
7.74301e-10
8.4167e-10
9.83604e-10
8.15302e-10
4.15005e-10
9.13617e-10
8.87768e-10
8.63641e-10
4.13194e-10
3.31527e-10
8.64493e-10
1.10687e-09
3.32601e-10
4.16185e-10
3.90253e-10
9.27153e-10
3.01412e-10
7.70635e-10
9.15087e-10
3.7015e-10
3.05963e-10
3.93926e-10
2.91183e-10
3.33322e-10
3.80542e-10
8.97766e-10
1.13498e-09
1.10735e-09
3.40212e-10
3.27217e-10
3.92846e-10
9.16119e-10
1.03998e-09
9.31708e-10
1.09276e-09
3.72487e-10
8.22222e-10
8.46754e-10
3.56056e-10
3.59823e-10
3.36896e-10
4.07119e-10
9.4003e-10
9.6892e-10
7.26527e-10
4.29434e-10
3.60978e-10
9.05216e-10
2.90487e-10
5.12686e-10
3.22191e-10
8.72169e-10
3.81729e-10
1.07902e-09
3.59982e-10
9.83216e-10
3.21056e-10
2.99896e-10
9.37144e-10
3.5549e-10
8.66252e-10
8.39607e-10
9.37543e-10
3.2132e-10
3.99343e-10
3.49835e-10
3.98334e-10
4.05223e-10
3.65335e-10
3.37457e-10
9.71929e-10
3.75753e-10
3.08595e-10
8.62021e-10
3.35665e-10
7.94403e-10
3.93941e-10
4.72933e-10
8.47665e-10
3.97272e-10
3.6298e-10
4.04883e-10
4.08827e-10
3.3119e-10
4.06174e-10
3.23304e-10
3.52271e-10
4.09674e-10
2.51752e-10
3.6305e-10
1.08979e-09
1.10355e-09
3.45816e-10
2.503e-10
4.08104e-10
9.36907e-10
3.55611e-10
4.52721e-10
9.87171e-10
8.21562e-10
9.07318e-10
3.72035e-10
3.96446e-10
9.26829e-10
9.47251e-10
3.52251e-10
4.6121e-10
3.48533e-10
3.1569e-10
8.67206e-10
4.30672e-10
8.7744e-10
3.88173e-10
3.47352e-10
3.50732e-10
8.61154e-10
4.13732e-10
8.75268e-10
4.06094e-10
2.79373e-10
3.43998e-10
3.75128e-10
3.49047e-10
3.4612e-10
3.69026e-10
3.90864e-10
9.28373e-10
2.84783e-10
1.02519e-09
8.492e-10
3.18676e-10
4.21642e-10
3.04487e-10
3.53897e-10
9.15734e-10
8.23713e-10
9.52858e-10
3.49354e-10
7.85658e-10
4.43955e-10
4.13857e-10
9.53603e-10
3.98337e-10
3.5174e-10
1.0052e-09
3.56258e-10
3.83115e-10
4.40513e-10
4.24738e-10
1.04941e-09
2.90249e-10
9.72055e-10
1.05753e-09
3.42675e-10
3.97065e-10
3.17101e-10
7.61556e-10
4.18857e-10
7.55266e-10
2.66122e-10
7.71837e-10
9.23182e-10
9.39324e-10
9.2406e-10
4.42094e-10
4.46848e-10
3.16331e-10
8.5999e-10
9.35898e-10
8.52791e-10
4.57162e-10
1.08204e-09
3.65838e-10
4.07176e-10
5.17448e-10
4.33073e-10
1.1023e-09
9.08903e-10
7.02937e-10
3.51826e-10
4.70004e-10
3.70591e-10
2.8808e-10
2.82097e-10
3.59306e-10
4.02624e-10
3.58006e-10
1.11451e-09
4.66524e-10
3.92488e-10
8.21525e-10
3.48402e-10
4.16959e-10
3.69992e-10
2.59424e-10
4.64885e-10
8.14938e-10
4.01551e-10
1.04466e-09
3.37474e-10
4.11389e-10
7.78046e-10
9.4461e-10
9.22947e-10
4.52011e-10
8.52384e-10
3.83334e-10
8.56967e-10
3.56291e-10
3.48391e-10
9.00713e-10
9.27381e-10
1.01814e-09
4.18256e-10
3.90305e-10
9.79499e-10
3.26364e-10
3.6413e-10
3.88877e-10
3.79733e-10
8.33113e-10
3.53198e-10
4.32516e-10
3.22109e-10
3.73627e-10
9.62768e-10
8.43288e-10
1.00747e-09
4.09814e-10
4.19868e-10
3.52724e-10
9.46912e-10
4.01568e-10
1.00621e-09
8.72061e-10
4.22751e-10
4.03713e-10
4.12976e-10
3.14804e-10
1.01187e-09
1.09289e-09
3.76048e-10
4.50467e-10
3.51232e-10
3.58543e-10
3.18932e-10
4.30825e-10
8.48037e-10
8.85898e-10
9.61415e-10
4.11432e-10
3.97351e-10
3.6117e-10
3.10024e-10
9.33405e-10
3.65881e-10
8.85136e-10
3.45995e-10
3.12538e-10
3.27944e-10
3.53002e-10
3.27007e-10
4.38268e-10
1.02786e-09
9.49282e-10
3.04967e-10
3.14128e-10
1.07793e-09
1.02304e-09
9.23542e-10
3.92949e-10
3.95019e-10
2.92455e-10
4.09664e-10
8.75279e-10
3.0986e-10
3.12912e-10
8.43832e-10
3.01267e-10
3.47051e-10
3.41985e-10
3.36265e-10
9.99326e-10
1.07127e-09
3.50088e-10
8.06853e-10
8.64032e-10
3.96047e-10
9.48288e-10
3.71336e-10
9.90121e-10
3.30589e-10
2.99799e-10
1.00646e-09
1.11992e-09
8.45668e-10
9.65195e-10
3.94671e-10
8.33271e-10
6.99772e-10
1.02258e-09
4.1162e-10
3.86196e-10
9.61864e-10
9.01154e-10
4.30779e-10
2.80508e-10
3.13984e-10
8.83817e-10
3.82529e-10
9.65269e-10
3.31717e-10
3.42736e-10
9.43882e-10
3.60043e-10
4.2024e-10
8.11813e-10
3.18395e-10
2.76278e-10
4.67095e-10
4.0172e-10
4.38132e-10
4.37039e-10
3.38917e-10
4.71693e-10
3.6099e-10
3.08924e-10
8.85755e-10
7.33116e-10
3.93397e-10
9.69648e-10
3.66317e-10
1.00946e-09
8.54006e-10
3.67115e-10
3.81936e-10
3.607e-10
8.3646e-10
9.32982e-10
1.04718e-09
3.81675e-10
9.04098e-10
8.6382e-10
4.34914e-10
9.43175e-10
3.77357e-10
8.044e-10
2.70385e-10
9.49699e-10
4.28594e-10
3.97297e-10
1.16874e-09
3.91422e-10
4.05566e-10
3.71109e-10
3.46982e-10
9.76702e-10
8.29914e-10
8.9515e-10
8.52655e-10
4.26676e-10
9.36481e-10
7.61655e-10
8.56983e-10
9.18503e-10
4.0575e-10
3.28057e-10
9.73801e-10
9.78134e-10
3.23002e-10
3.89743e-10
1.09157e-09
3.7394e-10
8.68922e-10
3.58198e-10
8.80342e-10
3.72435e-10
3.78617e-10
8.57894e-10
8.4138e-10
7.93489e-10
9.52481e-10
3.9973e-10
3.64088e-10
7.79373e-10
1.08123e-09
8.47314e-10
9.39009e-10
7.14243e-10
2.59893e-10
9.33305e-10
7.67153e-10
3.4707e-10
3.87966e-10
4.09887e-10
8.5904e-10
8.76144e-10
3.25046e-10
1.08862e-09
8.20117e-10
8.58609e-10
3.24737e-10
4.0902e-10
7.74226e-10
3.54929e-10
1.04341e-09
3.32942e-10
9.2551e-10
2.77785e-10
3.63487e-10
3.5811e-10
2.81721e-10
3.61456e-10
3.68841e-10
8.48421e-10
3.54895e-10
3.55141e-10
3.40275e-10
4.35513e-10
4.09306e-10
3.44153e-10
4.16632e-10
1.02829e-09
3.48693e-10
3.66484e-10
9.21003e-10
8.50942e-10
8.31296e-10
4.31191e-10
3.62373e-10
3.41871e-10
8.91085e-10
1.1931e-09
9.51658e-10
4.82287e-10
6.73774e-10
3.73149e-10
3.49086e-10
3.72349e-10
1.01666e-09
9.24624e-10
3.96147e-10
2.79387e-10
2.78644e-10
3.54234e-10
4.0091e-10
3.68092e-10
9.04121e-10
3.94915e-10
5.11401e-10
4.52375e-10
3.97657e-10
7.49666e-10
3.53631e-10
7.85004e-10
1.07358e-09
4.87569e-10
4.16387e-10
1.0159e-09
8.05429e-10
3.28845e-10
2.99149e-10
9.09286e-10
8.19736e-10
8.35382e-10
3.67697e-10
8.36363e-10
3.46341e-10
3.67563e-10
9.55025e-10
4.09549e-10
8.21654e-10
4.1031e-10
4.17788e-10
5.02703e-10
3.02995e-10
8.34918e-10
8.84433e-10
1.03543e-09
4.02816e-10
8.7571e-10
2.95475e-10
3.50345e-10
3.66443e-10
3.95321e-10
4.13009e-10
4.01839e-10
1.00315e-09
9.30236e-10
7.27466e-10
4.20998e-10
1.0595e-09
9.91822e-10
7.88645e-10
3.65892e-10
4.23576e-10
1.094e-09
3.92195e-10
8.21891e-10
7.94214e-10
2.83258e-10
7.99565e-10
1.07089e-09
4.5838e-10
3.30835e-10
9.09189e-10
4.2988e-10
2.95033e-10
9.77555e-10
3.47741e-10
9.27079e-10
4.26618e-10
3.69441e-10
4.37005e-10
3.78783e-10
9.45725e-10
3.64718e-10
7.19996e-10
8.80472e-10
9.83546e-10
9.37336e-10
3.23133e-10
3.3893e-10
1.07268e-09
4.69067e-10
3.41736e-10
8.05681e-10
4.30959e-10
3.8049e-10
2.98309e-10
1.03972e-09
3.74179e-10
3.62002e-10
3.20898e-10
8.30319e-10
3.77947e-10
3.35876e-10
5.33382e-10
9.96527e-10
5.46492e-10
1.00724e-09
3.94236e-10
4.42369e-10
3.53661e-10
1.00991e-09
3.58088e-10
3.58528e-10
7.54973e-10
9.67386e-10
9.26868e-10
3.54795e-10
9.8794e-10
8.94524e-10
9.12713e-10
4.16704e-10
3.04929e-10
3.34606e-10
1.16778e-09
3.26341e-10
9.45463e-10
4.37298e-10
8.1735e-10
3.70288e-10
3.90256e-10
3.43749e-10
3.42458e-10
3.30926e-10
8.65334e-10
3.36108e-10
9.66252e-10
9.95951e-10
3.42703e-10
3.49094e-10
3.69516e-10
3.86137e-10
7.80086e-10
3.88806e-10
3.47707e-10
4.14806e-10
3.56456e-10
7.95567e-10
9.73854e-10
3.58266e-10
1.03471e-09
2.64775e-10
4.009e-10
4.00507e-10
8.68106e-10
3.6902e-10
3.23741e-10
3.03742e-10
3.55446e-10
3.31131e-10
3.58185e-10
3.83459e-10
3.13149e-10
3.53452e-10
3.67868e-10
3.14672e-10
9.23702e-10
8.87155e-10
1.05804e-09
9.78004e-10
9.45539e-10
1.0069e-09
3.51653e-10
9.23811e-10
9.58841e-10
9.53041e-10
3.89938e-10
2.50046e-10
3.93137e-10
8.37116e-10
9.07983e-10
3.81221e-10
8.278e-10
9.33932e-10
3.51607e-10
3.01364e-10
3.9978e-10
1.02399e-09
3.25803e-10
3.72334e-10
9.2489e-10
3.7015e-10
2.84938e-10
9.67305e-10
3.56131e-10
4.3053e-10
8.76919e-10
8.61976e-10
3.36136e-10
8.82955e-10
3.61329e-10
3.15957e-10
3.85567e-10
3.26054e-10
9.34213e-10
3.19501e-10
9.11818e-10
9.60409e-10
3.24355e-10
3.4296e-10
9.27921e-10
3.33244e-10
2.9632e-10
1.03897e-09
4.1083e-10
1.01141e-09
3.30682e-10
1.04765e-09
7.69317e-10
1.02026e-09
9.57963e-10
1.07292e-09
3.53562e-10
3.81579e-10
1.03421e-09
9.55203e-10
8.43504e-10
9.63219e-10
8.25216e-10
9.92852e-10
1.1217e-09
8.05594e-10
3.59974e-10
8.6882e-10
3.5588e-10
8.02886e-10
2.26764e-10
2.97149e-10
3.8935e-10
3.35338e-10
1.19397e-09
8.35622e-10
1.09736e-09
9.7599e-10
3.6007e-10
3.35664e-10
3.50175e-10
3.2102e-10
3.77532e-10
2.91187e-10
4.1195e-10
3.17648e-10
4.19953e-10
3.96756e-10
8.05894e-10
7.54787e-10
4.71493e-10
3.62449e-10
8.8483e-10
7.91475e-10
3.44427e-10
8.42013e-10
3.51785e-10
3.05158e-10
9.97565e-10
3.09458e-10
3.19028e-10
2.87409e-10
8.97748e-10
1.11805e-09
3.7899e-10
1.12058e-09
3.42196e-10
3.86986e-10
3.32297e-10
4.50959e-10
3.71581e-10
4.13903e-10
9.82311e-10
8.84665e-10
9.8154e-10
3.63329e-10
3.19396e-10
8.8608e-10
3.11751e-10
9.21835e-10
3.577e-10
7.55552e-10
3.17846e-10
3.71337e-10
7.8934e-10
3.42067e-10
8.73973e-10
4.22033e-10
3.44696e-10
9.73052e-10
3.67709e-10
4.15003e-10
3.00326e-10
4.53816e-10
8.32938e-10
4.44151e-10
4.23639e-10
3.5311e-10
3.18628e-10
3.03138e-10
9.29484e-10
3.15444e-10
9.83255e-10
9.05269e-10
8.37913e-10
3.43511e-10
2.99302e-10
3.36411e-10
9.22874e-10
4.38157e-10
9.75437e-10
2.94576e-10
3.15766e-10
3.4766e-10
3.89096e-10
3.95745e-10
9.98395e-10
3.36977e-10
8.16119e-10
3.63543e-10
3.53537e-10
9.39804e-10
9.2101e-10
8.61164e-10
4.37081e-10
8.51905e-10
3.75185e-10
9.76843e-10
4.18549e-10
8.24751e-10
1.00079e-09
9.29709e-10
3.30913e-10
2.66194e-10
2.53299e-10
9.94293e-10
7.99637e-10
9.42747e-10
3.92085e-10
2.34356e-10
7.92851e-10
7.97469e-10
4.00098e-10
3.09538e-10
3.26482e-10
2.8385e-10
1.00085e-09
8.61692e-10
3.3963e-10
3.54824e-10
1.00328e-09
3.6803e-10
9.52439e-10
1.05042e-09
3.02966e-10
9.28953e-10
3.14618e-10
9.35369e-10
3.42487e-10
4.15574e-10
1.00764e-09
1.06646e-09
3.28128e-10
2.9793e-10
9.83327e-10
3.75983e-10
9.98199e-10
3.64826e-10
4.03849e-10
3.73644e-10
9.37816e-10
3.84715e-10
4.06536e-10
8.33231e-10
3.39688e-10
4.19197e-10
9.64098e-10
8.63167e-10
2.97709e-10
3.30479e-10
9.94649e-10
3.79799e-10
8.92009e-10
4.27189e-10
1.0771e-09
8.23451e-10
4.1865e-10
3.54846e-10
8.38916e-10
9.34438e-10
3.52223e-10
2.96238e-10
4.58167e-10
8.66253e-10
3.97471e-10
3.86819e-10
9.97675e-10
5.07691e-10
3.7588e-10
3.55379e-10
9.37394e-10
9.26013e-10
3.57745e-10
4.23688e-10
3.02047e-10
8.94475e-10
3.89883e-10
3.66111e-10
8.41628e-10
3.95186e-10
9.53793e-10
9.49457e-10
1.0041e-09
8.14545e-10
3.54316e-10
8.43868e-10
3.5083e-10
4.1439e-10
3.01501e-10
3.9916e-10
3.56066e-10
4.30198e-10
3.52809e-10
2.88888e-10
4.1898e-10
3.2742e-10
8.86905e-10
8.11215e-10
3.54338e-10
3.42549e-10
3.47195e-10
3.56885e-10
3.35772e-10
1.08411e-09
3.64233e-10
3.90269e-10
4.66264e-10
3.37233e-10
3.5234e-10
4.09665e-10
3.01653e-10
8.97372e-10
3.43068e-10
1.07125e-09
9.43963e-10
1.02022e-09
3.27239e-10
9.73378e-10
8.35071e-10
4.5813e-10
9.06764e-10
3.42576e-10
9.38401e-10
3.87479e-10
3.43703e-10
3.84422e-10
1.00766e-09
3.18933e-10
5.15425e-10
3.46286e-10
8.4461e-10
3.70451e-10
7.7088e-10
3.92999e-10
3.54669e-10
3.78058e-10
3.82323e-10
3.77427e-10
9.79428e-10
3.37887e-10
3.98681e-10
3.48674e-10
8.36737e-10
8.59843e-10
8.64627e-10
3.2385e-10
3.70997e-10
1.03547e-09
4.42432e-10
3.56352e-10
1.05578e-09
3.9494e-10
8.16767e-10
8.81096e-10
9.01344e-10
4.69834e-10
1.02069e-09
3.93238e-10
2.87465e-10
3.47957e-10
3.92006e-10
7.88021e-10
9.20769e-10
3.54531e-10
8.15296e-10
3.96629e-10
3.78295e-10
4.22847e-10
4.07286e-10
8.55729e-10
4.37033e-10
8.85827e-10
8.64945e-10
3.49749e-10
3.3981e-10
3.86498e-10
8.63453e-10
7.62877e-10
3.49924e-10
3.91584e-10
1.20243e-09
3.54889e-10
3.22839e-10
3.80442e-10
7.70611e-10
3.48546e-10
9.9108e-10
7.75195e-10
3.43788e-10
1.11459e-09
1.05728e-09
4.0308e-10
9.47426e-10
9.21414e-10
4.47251e-10
3.73519e-10
3.06527e-10
5.0924e-10
4.00982e-10
3.63757e-10
3.9726e-10
3.44222e-10
3.60016e-10
1.09725e-09
3.70189e-10
8.29892e-10
1.02526e-09
9.84593e-10
3.87513e-10
4.52131e-10
7.65191e-10
8.69176e-10
8.87593e-10
3.72944e-10
8.27844e-10
8.84888e-10
8.16841e-10
3.33382e-10
7.77889e-10
9.11007e-10
7.6143e-10
3.45272e-10
1.02802e-09
2.63205e-10
1.00493e-09
4.12928e-10
3.74599e-10
1.037e-09
9.17395e-10
3.58324e-10
9.86267e-10
3.51914e-10
8.81947e-10
3.32225e-10
8.48908e-10
1.01692e-09
8.45998e-10
9.16925e-10
1.0397e-09
3.66782e-10
1.05011e-09
9.94824e-10
9.21545e-10
3.17929e-10
3.91896e-10
3.42525e-10
4.32843e-10
4.91599e-10
4.66689e-10
4.13016e-10
1.0367e-09
8.50648e-10
4.40673e-10
3.92558e-10
4.38974e-10
3.48813e-10
3.93076e-10
3.33667e-10
7.64232e-10
4.22816e-10
8.83027e-10
3.79827e-10
4.0481e-10
3.28865e-10
8.81007e-10
4.10293e-10
3.40872e-10
4.48085e-10
3.3157e-10
9.36082e-10
3.84048e-10
4.16726e-10
4.53193e-10
3.12675e-10
9.63397e-10
8.60451e-10
3.53258e-10
4.33874e-10
4.03456e-10
3.79584e-10
3.49419e-10
9.74353e-10
9.20656e-10
1.00059e-09
3.53e-10
8.10012e-10
3.05207e-10
4.14789e-10
3.99115e-10
3.81526e-10
9.13915e-10
2.51996e-10
8.86012e-10
8.83314e-10
1.05134e-09
3.54322e-10
1.03179e-09
3.56587e-10
3.74513e-10
3.23629e-10
9.85353e-10
9.89031e-10
3.16422e-10
3.64327e-10
4.62874e-10
9.28222e-10
3.39781e-10
3.50874e-10
9.22813e-10
3.13239e-10
8.52395e-10
9.21722e-10
8.35133e-10
8.63039e-10
8.48356e-10
9.7887e-10
3.87353e-10
3.40111e-10
1.13108e-09
3.30134e-10
3.3875e-10
3.59213e-10
9.67754e-10
4.2112e-10
4.31551e-10
1.06512e-09
9.7129e-10
3.95086e-10
3.31858e-10
3.94112e-10
3.11427e-10
8.37094e-10
7.24723e-10
9.16204e-10
3.57068e-10
9.66043e-10
8.83967e-10
4.5069e-10
3.88611e-10
3.49339e-10
3.75702e-10
3.8384e-10
4.04571e-10
5.27468e-10
7.77739e-10
8.50774e-10
3.23579e-10
9.79629e-10
8.42038e-10
1.10788e-09
3.39691e-10
9.48502e-10
4.85695e-10
3.63867e-10
3.45441e-10
8.36748e-10
3.31939e-10
3.53603e-10
8.45813e-10
3.37411e-10
9.05135e-10
9.56338e-10
2.79155e-10
8.60468e-10
3.87551e-10
4.00792e-10
8.39354e-10
3.90051e-10
3.96336e-10
9.29865e-10
4.56699e-10
4.33512e-10
9.00068e-10
3.82293e-10
3.27633e-10
1.03913e-09
9.30945e-10
8.67633e-10
2.70816e-10
4.41149e-10
1.0186e-09
4.20625e-10
9.02661e-10
9.41299e-10
3.28966e-10
8.20404e-10
4.44375e-10
7.57923e-10
9.13661e-10
9.33324e-10
3.47083e-10
4.26624e-10
3.93116e-10
4.1335e-10
9.76228e-10
3.53374e-10
9.93383e-10
1.00023e-09
3.64334e-10
4.57148e-10
3.17293e-10
9.07972e-10
3.04379e-10
8.84756e-10
7.51708e-10
3.9068e-10
3.50108e-10
4.20057e-10
1.01846e-09
4.03487e-10
3.68076e-10
3.63791e-10
9.26595e-10
3.08016e-10
9.22575e-10
2.88402e-10
4.67238e-10
2.80642e-10
8.17339e-10
3.47711e-10
4.31487e-10
4.32108e-10
8.97072e-10
4.15336e-10
1.10714e-09
4.14043e-10
3.72157e-10
7.6173e-10
9.07473e-10
9.57229e-10
3.64317e-10
3.7565e-10
9.10636e-10
3.6446e-10
3.25023e-10
8.61572e-10
9.06437e-10
3.04289e-10
9.49045e-10
1.00091e-09
7.9435e-10
7.51971e-10
3.90284e-10
4.39443e-10
8.09083e-10
8.70662e-10
3.6606e-10
3.54775e-10
3.90517e-10
3.38267e-10
1.0171e-09
4.73812e-10
3.64347e-10
4.37166e-10
4.33222e-10
3.66151e-10
3.06876e-10
9.66788e-10
3.14057e-10
9.62674e-10
1.02938e-09
4.40884e-10
3.00799e-10
4.81739e-10
8.04795e-10
3.71716e-10
9.66733e-10
1.01468e-09
7.55395e-10
3.3366e-10
3.68584e-10
3.75422e-10
3.44654e-10
8.07189e-10
8.46164e-10
8.51965e-10
9.20279e-10
3.24498e-10
4.02172e-10
3.76101e-10
9.70425e-10
3.93978e-10
1.07742e-09
3.71445e-10
7.67262e-10
9.85643e-10
9.72888e-10
8.98523e-10
9.81424e-10
3.45861e-10
8.45499e-10
3.37228e-10
8.73645e-10
3.61401e-10
3.97402e-10
4.07407e-10
3.30399e-10
3.37971e-10
2.76757e-10
4.07205e-10
4.15586e-10
3.18905e-10
3.51869e-10
3.12552e-10
3.78046e-10
3.69801e-10
1.09183e-09
8.5266e-10
3.73672e-10
4.08703e-10
3.1752e-10
3.91868e-10
1.03047e-09
7.66615e-10
3.29168e-10
9.16337e-10
4.33696e-10
8.66415e-10
8.93835e-10
9.71665e-10
2.48783e-10
3.97202e-10
4.73903e-10
3.55033e-10
3.47734e-10
7.43459e-10
4.04883e-10
2.59094e-10
3.33674e-10
8.90693e-10
4.11052e-10
8.71483e-10
3.38695e-10
8.67594e-10
3.2218e-10
8.46387e-10
3.28877e-10
8.24996e-10
8.97961e-10
2.88296e-10
8.25596e-10
3.85778e-10
3.15611e-10
7.98008e-10
9.13332e-10
8.14168e-10
3.30759e-10
3.80112e-10
2.92483e-10
1.02454e-09
2.80291e-10
8.81321e-10
3.69284e-10
4.2534e-10
9.80455e-10
3.31303e-10
1.03722e-09
9.24218e-10
3.35955e-10
3.3625e-10
7.76846e-10
3.82991e-10
3.91254e-10
1.00921e-09
5.81477e-10
9.98769e-10
8.90368e-10
8.13632e-10
8.8452e-10
4.03451e-10
8.07702e-10
3.79038e-10
1.003e-09
1.03479e-09
9.85372e-10
9.09429e-10
3.68471e-10
3.16023e-10
3.28289e-10
1.08539e-09
8.8752e-10
4.10919e-10
1.03773e-09
3.14968e-10
9.37646e-10
7.63823e-10
7.71609e-10
4.44648e-10
8.30466e-10
3.80979e-10
3.10599e-10
3.42824e-10
3.61164e-10
1.07442e-09
3.12889e-10
1.0341e-09
1.04492e-09
3.658e-10
3.3562e-10
8.26651e-10
3.43057e-10
8.27544e-10
9.27055e-10
3.40859e-10
4.03339e-10
3.16074e-10
8.82415e-10
9.96574e-10
3.41195e-10
3.67015e-10
3.13748e-10
8.77828e-10
8.65566e-10
7.01068e-10
1.03038e-09
3.61795e-10
3.68865e-10
3.86302e-10
4.49245e-10
5.24045e-10
4.58132e-10
4.71437e-10
9.54087e-10
9.7153e-10
3.9208e-10
9.02996e-10
8.84384e-10
3.6683e-10
8.39768e-10
9.92379e-10
3.69051e-10
4.19203e-10
9.31503e-10
3.70516e-10
8.90493e-10
3.52837e-10
7.51599e-10
3.00181e-10
3.28422e-10
4.58335e-10
9.11682e-10
3.92211e-10
4.25455e-10
5.51871e-10
1.03619e-09
3.52906e-10
3.06015e-10
8.24184e-10
3.33518e-10
3.95665e-10
1.01232e-09
8.67091e-10
3.51626e-10
3.42374e-10
4.58117e-10
7.64829e-10
3.88735e-10
9.17629e-10
3.5218e-10
3.52351e-10
3.51249e-10
2.86927e-10
8.19928e-10
3.54884e-10
3.23191e-10
3.90683e-10
9.69726e-10
4.12136e-10
4.1112e-10
4.55589e-10
3.47555e-10
9.67924e-10
3.08038e-10
3.877e-10
9.41419e-10
9.70941e-10
3.89936e-10
3.85872e-10
3.47214e-10
4.40103e-10
7.32615e-10
3.52918e-10
3.70831e-10
8.9773e-10
9.34474e-10
4.12374e-10
7.55129e-10
4.18439e-10
1.03968e-09
3.84309e-10
3.89214e-10
9.40156e-10
3.72259e-10
9.7122e-10
9.04788e-10
9.16408e-10
3.59967e-10
3.37724e-10
3.85694e-10
4.69718e-10
9.90502e-10
4.00523e-10
2.88243e-10
9.17633e-10
3.46019e-10
1.00739e-09
6.50809e-10
3.02504e-10
3.55792e-10
1.04817e-09
4.32375e-10
9.21032e-10
1.06576e-09
3.68723e-10
7.80419e-10
3.85995e-10
8.99421e-10
3.15704e-10
3.61742e-10
3.55277e-10
8.79349e-10
4.23287e-10
8.44649e-10
4.00311e-10
3.04036e-10
3.4031e-10
9.89077e-10
3.49178e-10
4.00681e-10
3.83282e-10
3.42001e-10
2.98812e-10
3.29679e-10
8.34817e-10
9.6581e-10
3.38544e-10
7.94268e-10
2.59223e-10
4.15833e-10
8.92332e-10
7.37551e-10
7.37769e-10
7.23357e-10
9.63483e-10
2.93446e-10
2.97762e-10
3.84252e-10
3.46668e-10
9.34571e-10
4.19226e-10
3.93259e-10
7.94698e-10
8.00318e-10
3.81531e-10
7.44433e-10
3.4705e-10
9.41972e-10
4.27189e-10
4.40433e-10
1.00958e-09
8.06817e-10
9.35728e-10
2.82506e-10
4.1444e-10
3.71809e-10
7.95695e-10
8.80514e-10
3.15388e-10
7.88998e-10
8.70823e-10
2.91718e-10
1.07665e-09
3.86225e-10
9.78494e-10
3.36504e-10
3.81925e-10
3.69977e-10
3.12833e-10
3.75471e-10
3.75558e-10
8.80387e-10
4.07541e-10
3.34928e-10
9.08382e-10
8.53523e-10
3.24152e-10
9.70673e-10
3.4049e-10
3.92343e-10
9.26308e-10
8.69057e-10
4.0593e-10
9.38259e-10
4.36258e-10
3.97208e-10
8.56285e-10
9.76401e-10
3.79001e-10
3.86794e-10
8.75977e-10
9.03301e-10
9.15088e-10
3.72697e-10
8.24954e-10
3.18577e-10
4.57286e-10
1.00735e-09
8.75081e-10
2.90404e-10
2.70808e-10
8.95708e-10
3.3233e-10
4.28196e-10
4.25718e-10
8.68352e-10
8.26456e-10
1.1019e-09
3.06475e-10
3.31867e-10
9.09316e-10
8.53575e-10
3.25843e-10
8.58665e-10
3.1198e-10
9.65607e-10
7.90634e-10
4.79897e-10
3.25871e-10
9.65516e-10
2.74095e-10
2.40179e-10
4.44765e-10
8.12237e-10
3.80771e-10
8.32932e-10
1.10889e-09
9.4409e-10
3.95039e-10
9.07735e-10
3.54452e-10
4.17453e-10
3.89192e-10
2.50155e-10
3.9007e-10
8.75695e-10
3.19777e-10
1.00673e-09
3.9047e-10
4.02079e-10
9.57647e-10
4.09167e-10
3.86629e-10
3.31676e-10
3.25064e-10
9.06746e-10
2.5576e-10
4.40892e-10
3.55623e-10
3.9114e-10
4.18016e-10
4.41086e-10
1.00211e-09
3.51266e-10
4.02777e-10
9.64971e-10
8.50062e-10
3.58972e-10
3.71485e-10
3.33909e-10
4.03265e-10
3.79129e-10
3.41394e-10
3.11699e-10
9.74559e-10
9.3756e-10
3.93832e-10
3.38217e-10
9.19776e-10
3.11373e-10
9.09037e-10
3.85706e-10
8.7561e-10
8.11093e-10
4.27885e-10
3.78136e-10
3.58347e-10
8.84631e-10
3.5829e-10
4.28761e-10
3.46563e-10
7.78688e-10
3.43324e-10
8.92849e-10
1.10293e-09
4.70816e-10
3.99916e-10
1.06859e-09
3.0909e-10
8.70147e-10
3.98218e-10
3.21607e-10
3.2938e-10
3.84241e-10
1.03798e-09
8.44557e-10
3.79978e-10
1.0372e-09
3.64245e-10
3.9506e-10
4.53298e-10
9.94459e-10
9.16026e-10
3.91755e-10
1.22349e-09
3.52261e-10
4.14857e-10
9.29593e-10
3.37174e-10
3.77992e-10
4.28839e-10
3.60765e-10
4.21078e-10
3.9647e-10
3.88852e-10
4.34836e-10
9.39105e-10
3.12653e-10
3.63511e-10
3.94285e-10
6.5395e-10
2.98215e-10
7.73406e-10
4.0134e-10
3.63493e-10
3.11452e-10
1.04516e-09
4.02625e-10
2.73132e-10
3.58224e-10
3.84595e-10
8.22501e-10
1.07682e-09
4.30793e-10
4.8436e-10
2.36934e-10
9.12966e-10
3.52103e-10
8.87998e-10
3.5939e-10
1.14612e-09
4.06718e-10
3.12003e-10
3.44368e-10
4.17874e-10
3.43366e-10
8.9626e-10
1.04302e-09
4.04812e-10
3.68109e-10
3.60941e-10
3.44119e-10
9.44959e-10
1.09166e-09
1.03475e-09
3.55598e-10
3.45295e-10
3.70445e-10
4.05187e-10
8.79806e-10
3.68989e-10
8.73107e-10
3.29183e-10
1.04487e-09
1.09764e-09
3.45717e-10
4.04671e-10
8.75911e-10
3.94766e-10
4.36822e-10
9.06254e-10
3.66126e-10
9.47319e-10
4.47873e-10
3.8105e-10
3.12313e-10
8.79172e-10
3.62933e-10
4.58631e-10
2.78218e-10
3.20881e-10
8.91745e-10
4.08531e-10
3.50942e-10
8.85709e-10
3.01546e-10
3.13017e-10
9.84378e-10
1.00982e-09
5.77396e-10
9.08562e-10
3.14781e-10
3.61258e-10
3.04443e-10
8.63245e-10
3.95318e-10
2.73571e-10
9.41702e-10
1.14553e-09
7.9772e-10
8.58863e-10
1.06279e-09
4.38307e-10
3.92311e-10
1.03888e-09
3.79279e-10
4.06107e-10
3.42444e-10
4.64147e-10
1.10515e-09
9.27585e-10
3.48703e-10
2.93888e-10
4.44931e-10
3.69849e-10
3.89082e-10
9.49762e-10
7.53198e-10
9.06363e-10
3.69095e-10
9.96966e-10
3.4214e-10
9.29517e-10
8.17297e-10
9.24823e-10
3.65975e-10
8.94807e-10
9.59647e-10
3.81869e-10
8.6577e-10
3.27361e-10
3.94373e-10
1.06799e-09
8.66983e-10
2.83371e-10
9.70261e-10
3.78707e-10
3.81231e-10
3.86726e-10
3.6016e-10
8.57259e-10
3.90816e-10
3.75294e-10
8.40868e-10
3.59943e-10
3.99391e-10
8.74411e-10
3.87342e-10
3.1481e-10
9.98749e-10
4.77476e-10
3.16454e-10
4.2551e-10
4.25226e-10
8.66214e-10
9.05818e-10
4.27971e-10
3.6438e-10
3.66836e-10
9.44451e-10
8.77886e-10
9.40108e-10
8.69131e-10
3.59436e-10
8.93496e-10
4.20201e-10
9.78018e-10
4.10819e-10
1.04249e-09
3.22293e-10
7.21503e-10
8.43199e-10
3.98855e-10
3.30368e-10
8.37328e-10
8.15145e-10
8.44368e-10
3.68216e-10
1.0155e-09
4.23369e-10
9.47165e-10
3.29535e-10
3.64547e-10
3.22953e-10
8.99048e-10
9.92763e-10
9.6175e-10
3.23285e-10
9.07841e-10
9.69844e-10
9.5842e-10
8.88533e-10
4.89467e-10
4.6197e-10
9.72043e-10
3.85732e-10
8.92164e-10
9.43959e-10
8.30393e-10
3.5747e-10
3.76808e-10
9.20882e-10
3.49675e-10
3.10314e-10
8.84136e-10
3.71062e-10
3.53549e-10
7.61868e-10
8.70098e-10
3.48942e-10
4.21691e-10
3.13411e-10
1.01893e-09
9.23232e-10
3.3924e-10
3.68568e-10
9.33538e-10
2.9004e-10
4.24662e-10
4.00164e-10
4.6928e-10
3.64711e-10
3.8149e-10
4.24978e-10
3.66667e-10
4.1687e-10
3.8007e-10
3.66251e-10
3.34081e-10
9.53429e-10
4.45425e-10
8.51062e-10
3.59037e-10
9.17692e-10
1.05489e-09
8.15028e-10
3.9337e-10
3.48627e-10
1.10511e-09
3.33833e-10
3.54159e-10
5.02371e-10
3.94561e-10
8.57108e-10
9.07426e-10
3.8094e-10
8.75728e-10
6.33907e-10
1.05812e-09
3.82453e-10
8.91625e-10
3.26408e-10
9.19832e-10
1.0668e-09
1.01789e-09
9.13534e-10
4.37902e-10
9.19675e-10
3.22141e-10
9.68112e-10
4.01578e-10
9.87937e-10
8.75155e-10
3.87301e-10
3.55372e-10
3.01155e-10
3.11847e-10
8.61187e-10
9.35196e-10
3.64052e-10
1.08282e-09
4.46305e-10
3.88649e-10
3.67423e-10
3.5772e-10
8.78658e-10
8.35551e-10
3.96053e-10
3.64262e-10
8.29504e-10
9.66611e-10
3.73992e-10
3.87271e-10
3.47261e-10
9.46141e-10
2.92215e-10
1.00157e-09
3.33163e-10
7.3923e-10
1.01961e-09
8.2616e-10
3.40528e-10
9.89346e-10
3.93623e-10
9.39767e-10
8.05992e-10
9.25843e-10
1.03957e-09
8.06944e-10
3.18218e-10
3.98232e-10
3.51209e-10
3.12578e-10
3.34633e-10
9.96788e-10
3.61068e-10
8.99897e-10
7.31475e-10
4.99002e-10
4.10968e-10
3.72001e-10
9.84275e-10
1.06175e-09
9.62961e-10
3.51121e-10
8.6126e-10
2.96878e-10
9.1801e-10
3.66732e-10
4.19946e-10
3.77633e-10
9.65268e-10
9.16824e-10
7.88989e-10
8.76591e-10
5.71677e-10
4.72313e-10
9.81413e-10
3.14442e-10
3.43427e-10
3.56252e-10
4.09001e-10
2.98831e-10
9.87694e-10
3.29151e-10
7.58584e-10
7.92569e-10
3.54089e-10
8.60459e-10
8.83456e-10
1.1389e-09
8.92053e-10
2.87997e-10
8.93872e-10
9.51717e-10
3.4287e-10
3.73632e-10
1.11199e-09
4.39217e-10
8.41944e-10
3.64692e-10
4.34105e-10
3.70078e-10
3.65091e-10
3.33984e-10
7.55185e-10
3.28788e-10
3.79768e-10
4.01745e-10
9.13852e-10
4.18088e-10
4.48842e-10
3.30612e-10
3.21667e-10
3.32313e-10
3.04315e-10
3.62591e-10
8.85649e-10
8.87555e-10
3.76536e-10
3.3184e-10
9.52357e-10
8.68779e-10
3.59212e-10
3.99963e-10
4.50069e-10
4.45725e-10
4.18621e-10
8.87036e-10
3.55491e-10
9.02465e-10
3.73989e-10
9.55219e-10
3.56721e-10
3.84231e-10
1.06011e-09
9.85224e-10
3.36451e-10
9.48888e-10
3.70217e-10
1.0168e-09
2.96558e-10
6.87152e-10
3.1472e-10
7.14171e-10
3.94609e-10
3.71132e-10
4.42834e-10
7.9283e-10
3.19452e-10
4.32627e-10
3.55821e-10
3.84495e-10
2.69408e-10
4.42843e-10
9.6158e-10
8.43492e-10
9.52039e-10
3.66203e-10
3.94342e-10
2.53176e-10
3.08467e-10
3.10617e-10
3.55997e-10
3.05384e-10
3.67815e-10
8.09812e-10
9.26097e-10
3.6496e-10
8.80342e-10
7.78055e-10
8.59281e-10
4.46957e-10
4.16222e-10
1.07672e-09
2.85964e-10
3.72129e-10
2.96015e-10
4.31318e-10
8.97317e-10
9.85663e-10
9.27312e-10
3.39503e-10
3.65086e-10
3.74422e-10
4.95346e-10
1.02195e-09
2.72385e-10
8.2654e-10
3.20923e-10
9.18377e-10
9.80929e-10
3.19011e-10
2.85246e-10
9.09984e-10
9.85951e-10
3.53268e-10
4.4862e-10
1.11689e-09
4.3372e-10
5.45309e-10
8.32092e-10
9.16227e-10
9.64686e-10
8.72394e-10
4.58817e-10
9.102e-10
3.75251e-10
7.8697e-10
9.27777e-10
3.41862e-10
4.12225e-10
8.66678e-10
8.92618e-10
2.91228e-10
8.9073e-10
3.79585e-10
3.33018e-10
3.56015e-10
4.00664e-10
3.07286e-10
4.52489e-10
9.56332e-10
8.62918e-10
4.42284e-10
1.04229e-09
7.76365e-10
4.31639e-10
3.21031e-10
2.97693e-10
3.75829e-10
7.99145e-10
8.70942e-10
1.18504e-09
9.20236e-10
1.09366e-09
3.57513e-10
2.92813e-10
3.77786e-10
3.96838e-10
3.98872e-10
9.26522e-10
8.41163e-10
3.97403e-10
3.45538e-10
4.58051e-10
3.69704e-10
8.06831e-10
1.03866e-09
9.00042e-10
3.35721e-10
1.05902e-09
2.89503e-10
3.10048e-10
3.64776e-10
3.55897e-10
3.84493e-10
7.90852e-10
4.62773e-10
4.91842e-10
4.18649e-10
4.00274e-10
2.80684e-10
4.05825e-10
3.63662e-10
3.18213e-10
3.95009e-10
9.07635e-10
3.2571e-10
2.8059e-10
9.27625e-10
8.56085e-10
7.97033e-10
8.65596e-10
3.47989e-10
9.75087e-10
4.36714e-10
8.56993e-10
3.21765e-10
2.92744e-10
4.01634e-10
2.98039e-10
2.72643e-10
4.2848e-10
2.90411e-10
3.26231e-10
4.09162e-10
3.78517e-10
3.77436e-10
9.38693e-10
3.51162e-10
3.39893e-10
3.50102e-10
4.02984e-10
1.03444e-09
4.1639e-10
8.67857e-10
4.36124e-10
1.05378e-09
8.63749e-10
3.35361e-10
9.57528e-10
3.79329e-10
3.57298e-10
3.73517e-10
3.39727e-10
3.53598e-10
1.04256e-09
4.31369e-10
3.65835e-10
4.05529e-10
3.10285e-10
9.29945e-10
9.58526e-10
3.80249e-10
4.70472e-10
1.09826e-09
9.25783e-10
3.88697e-10
9.31794e-10
1.10496e-09
9.71663e-10
3.31567e-10
3.20082e-10
3.60913e-10
3.53558e-10
8.91661e-10
7.72123e-10
3.67707e-10
3.7311e-10
4.35134e-10
3.73846e-10
8.70106e-10
8.30092e-10
9.62556e-10
3.4503e-10
8.15941e-10
1.06316e-09
5.24034e-10
3.81143e-10
3.48027e-10
3.05563e-10
3.9506e-10
3.62984e-10
3.47332e-10
9.82248e-10
2.67165e-10
2.84205e-10
4.03367e-10
8.73067e-10
3.84748e-10
3.99798e-10
3.84613e-10
4.71634e-10
1.05625e-09
8.59357e-10
3.43751e-10
9.31516e-10
9.76727e-10
1.02738e-09
3.32668e-10
9.237e-10
8.88977e-10
9.04611e-10
3.48502e-10
4.06315e-10
8.3433e-10
3.3842e-10
8.79329e-10
3.34102e-10
3.46643e-10
1.03986e-09
4.72725e-10
8.82382e-10
3.96565e-10
2.92474e-10
4.00366e-10
3.44775e-10
9.22657e-10
8.6751e-10
9.13507e-10
4.11241e-10
3.87826e-10
1.02709e-09
8.32596e-10
2.65678e-10
8.19448e-10
3.32584e-10
3.93597e-10
5.1366e-10
1.02982e-09
4.51646e-10
9.39091e-10
3.86531e-10
1.03325e-09
3.86708e-10
8.68866e-10
3.00201e-10
3.41394e-10
3.65572e-10
3.70307e-10
9.35449e-10
2.89978e-10
9.11651e-10
4.2281e-10
9.06915e-10
9.99304e-10
3.63196e-10
9.18049e-10
3.86101e-10
3.50565e-10
9.49664e-10
4.3e-10
3.61365e-10
3.17178e-10
3.52304e-10
3.40798e-10
3.61029e-10
1.03805e-09
3.77215e-10
1.0215e-09
3.19809e-10
1.20999e-09
8.6783e-10
3.62447e-10
3.7011e-10
4.61368e-10
9.32675e-10
3.59118e-10
2.82895e-10
3.64559e-10
3.53571e-10
8.32296e-10
9.09971e-10
4.03947e-10
3.90747e-10
4.12131e-10
4.15027e-10
3.7281e-10
3.65553e-10
9.30695e-10
8.50197e-10
9.09505e-10
3.28319e-10
8.97937e-10
4.21851e-10
3.31414e-10
3.60732e-10
4.19847e-10
3.90574e-10
7.81548e-10
3.11789e-10
3.07656e-10
3.20297e-10
3.13378e-10
3.96132e-10
3.41907e-10
1.07526e-09
4.50583e-10
8.94812e-10
8.89409e-10
4.18833e-10
9.40144e-10
2.69446e-10
3.57232e-10
8.54889e-10
9.31206e-10
3.28655e-10
4.22629e-10
1.06847e-09
3.25523e-10
4.46241e-10
4.16915e-10
3.44303e-10
3.93465e-10
8.70159e-10
9.30748e-10
8.93918e-10
8.80175e-10
3.22129e-10
3.58546e-10
9.57726e-10
9.4389e-10
3.21792e-10
3.63305e-10
9.20438e-10
8.75635e-10
8.09175e-10
2.89164e-10
8.05577e-10
3.24921e-10
4.95783e-10
8.89506e-10
8.74878e-10
3.50923e-10
9.60743e-10
3.87813e-10
3.5314e-10
3.61151e-10
3.82684e-10
9.22424e-10
3.38551e-10
3.73461e-10
9.51676e-10
9.14868e-10
2.64513e-10
3.33233e-10
8.33375e-10
1.02792e-09
8.52704e-10
3.55795e-10
3.55473e-10
4.55515e-10
9.27407e-10
3.5873e-10
3.18204e-10
4.11203e-10
2.82001e-10
3.42185e-10
7.22043e-10
3.48889e-10
9.84654e-10
8.93817e-10
3.13799e-10
9.72839e-10
4.65093e-10
7.68453e-10
8.58325e-10
8.55866e-10
1.03769e-09
3.50223e-10
9.95761e-10
4.28179e-10
1.31551e-09
4.10252e-10
2.80948e-10
8.80268e-10
3.02174e-10
8.86056e-10
1.12548e-09
8.42077e-10
9.57028e-10
3.38801e-10
1.10824e-09
8.6864e-10
3.99701e-10
3.34546e-10
4.65125e-10
3.52918e-10
9.91003e-10
3.88084e-10
7.79805e-10
9.5869e-10
4.05475e-10
3.50455e-10
3.31712e-10
9.70128e-10
3.10479e-10
4.13376e-10
1.0665e-09
9.46674e-10
3.42628e-10
3.96381e-10
4.28881e-10
8.97054e-10
1.00755e-09
4.04642e-10
4.02713e-10
7.9051e-10
9.49277e-10
8.91451e-10
3.82178e-10
3.40425e-10
8.90771e-10
1.00676e-09
4.31176e-10
4.88266e-10
9.74995e-10
8.30969e-10
3.07462e-10
3.32506e-10
4.29821e-10
3.19445e-10
8.69846e-10
8.63315e-10
8.47757e-10
3.69981e-10
3.32289e-10
4.34213e-10
3.50869e-10
1.0547e-09
4.27905e-10
8.45612e-10
8.70487e-10
2.65824e-10
3.81889e-10
4.39996e-10
8.05508e-10
5.03208e-10
2.84929e-10
4.2771e-10
9.36595e-10
3.9537e-10
3.25063e-10
3.5532e-10
3.24853e-10
7.89332e-10
6.9543e-10
1.00854e-09
8.30077e-10
8.86061e-10
9.85593e-10
1.07775e-09
8.18712e-10
1.07271e-09
8.96459e-10
8.86676e-10
3.49137e-10
4.10443e-10
3.92475e-10
4.12585e-10
9.95814e-10
4.05511e-10
9.66278e-10
8.91366e-10
9.37331e-10
4.08011e-10
4.02493e-10
1.06604e-09
4.05468e-10
8.51728e-10
8.10033e-10
9.36156e-10
3.32612e-10
9.34765e-10
3.79039e-10
3.60134e-10
7.4795e-10
9.40682e-10
4.20034e-10
7.95733e-10
3.20666e-10
3.33737e-10
8.29224e-10
8.15611e-10
4.05305e-10
3.12729e-10
1.05779e-09
3.09945e-10
3.78004e-10
3.23267e-10
3.79553e-10
9.20779e-10
3.48316e-10
3.52438e-10
3.91409e-10
4.44584e-10
3.49293e-10
3.50461e-10
4.5179e-10
9.3279e-10
9.44881e-10
3.19233e-10
3.39785e-10
3.76542e-10
4.01674e-10
3.06045e-10
8.21004e-10
1.04446e-09
4.09015e-10
4.36805e-10
3.60639e-10
4.19964e-10
8.66393e-10
8.66346e-10
9.84501e-10
4.73841e-10
3.85227e-10
9.57978e-10
3.28481e-10
3.26051e-10
3.7556e-10
7.71253e-10
3.06128e-10
9.76276e-10
3.93185e-10
1.08434e-09
3.50662e-10
8.94101e-10
4.71373e-10
4.40979e-10
3.48824e-10
2.71473e-10
8.52886e-10
8.30771e-10
9.71511e-10
4.45637e-10
1.02646e-09
9.66198e-10
3.25291e-10
3.68014e-10
1.0744e-09
4.08365e-10
3.75404e-10
3.41433e-10
3.74616e-10
1.11766e-09
8.90164e-10
3.04805e-10
3.75734e-10
9.20634e-10
2.67758e-10
3.50696e-10
8.0922e-10
9.44696e-10
2.98201e-10
3.73747e-10
3.83228e-10
2.99283e-10
3.68771e-10
3.33538e-10
4.40426e-10
3.65751e-10
8.70288e-10
8.89176e-10
1.05578e-09
8.14157e-10
4.47998e-10
3.55185e-10
9.01159e-10
8.11608e-10
1.00913e-09
7.9471e-10
9.79308e-10
4.05919e-10
3.27735e-10
3.82077e-10
4.73353e-10
9.51991e-10
1.03522e-09
3.73998e-10
2.92965e-10
8.41474e-10
3.35944e-10
1.055e-09
3.16165e-10
3.10252e-10
8.87624e-10
8.14574e-10
1.00767e-09
9.75121e-10
3.71074e-10
9.37686e-10
4.20693e-10
3.52027e-10
9.01602e-10
9.49698e-10
3.84982e-10
3.89322e-10
3.60394e-10
8.88056e-10
9.852e-10
8.22204e-10
1.0472e-09
3.36083e-10
3.16172e-10
8.16942e-10
3.75922e-10
3.09048e-10
9.73527e-10
8.94125e-10
7.74905e-10
9.17173e-10
3.44519e-10
1.03554e-09
1.22011e-09
3.48475e-10
9.33255e-10
2.73713e-10
8.95754e-10
3.86538e-10
3.60416e-10
9.92138e-10
8.5087e-10
4.42071e-10
3.8513e-10
3.39574e-10
8.4176e-10
3.56673e-10
8.81918e-10
3.10074e-10
9.26711e-10
6.9294e-10
4.15514e-10
1.00692e-09
9.98871e-10
1.05003e-09
3.68697e-10
3.3916e-10
1.01312e-09
1.0704e-09
3.73364e-10
3.06652e-10
3.37367e-10
3.57118e-10
4.0435e-10
9.42111e-10
4.16098e-10
3.2157e-10
3.79754e-10
8.24205e-10
3.63622e-10
8.46067e-10
3.90528e-10
9.38848e-10
9.09411e-10
6.90054e-10
9.67991e-10
3.87224e-10
4.18795e-10
2.72717e-10
1.02573e-09
8.42276e-10
3.91722e-10
9.13515e-10
9.37427e-10
9.05865e-10
8.29267e-10
4.04403e-10
1.02815e-09
7.29475e-10
1.10231e-09
1.00697e-09
9.12326e-10
4.0784e-10
3.4615e-10
3.73914e-10
4.90783e-10
4.23413e-10
4.15501e-10
8.104e-10
4.17409e-10
3.1796e-10
4.05789e-10
3.01883e-10
4.38167e-10
8.71861e-10
3.8825e-10
2.98607e-10
4.0444e-10
3.17892e-10
2.65143e-10
2.81632e-10
9.0653e-10
3.59348e-10
2.95382e-10
1.0001e-09
2.78515e-10
3.25723e-10
3.65145e-10
4.50748e-10
3.84343e-10
3.84568e-10
3.52383e-10
3.73668e-10
3.88929e-10
8.73399e-10
3.15433e-10
3.99278e-10
9.60326e-10
3.77195e-10
2.84284e-10
8.97292e-10
4.26268e-10
8.89962e-10
9.5295e-10
3.53702e-10
3.72969e-10
3.35159e-10
3.92142e-10
9.55951e-10
3.68765e-10
3.74229e-10
9.56645e-10
3.64987e-10
4.27595e-10
3.36023e-10
3.38224e-10
7.94776e-10
3.71975e-10
8.65408e-10
4.20979e-10
3.9365e-10
4.28447e-10
4.21071e-10
4.29315e-10
8.21829e-10
4.18991e-10
7.56776e-10
4.38015e-10
4.15402e-10
3.23656e-10
8.71999e-10
8.37658e-10
4.15925e-10
9.38265e-10
8.79367e-10
8.62382e-10
3.92128e-10
8.71173e-10
9.39324e-10
3.64545e-10
3.77593e-10
4.16877e-10
3.6688e-10
9.40195e-10
8.39205e-10
3.62485e-10
3.36841e-10
8.0735e-10
2.99811e-10
3.64013e-10
4.20048e-10
8.31101e-10
3.66848e-10
8.93895e-10
9.52689e-10
3.62537e-10
4.34076e-10
3.42359e-10
3.31268e-10
1.19649e-09
8.42598e-10
3.85691e-10
3.54648e-10
4.15625e-10
4.42087e-10
3.76989e-10
9.1429e-10
4.27284e-10
3.80941e-10
3.49623e-10
3.86386e-10
3.60774e-10
1.00551e-09
5.20799e-10
3.38335e-10
8.10965e-10
3.73668e-10
9.21789e-10
9.25105e-10
9.06546e-10
3.7649e-10
1.07613e-09
1.0099e-09
3.34247e-10
8.91629e-10
1.00845e-09
3.78178e-10
8.59682e-10
1.11493e-09
3.61184e-10
8.05082e-10
3.04459e-10
8.20664e-10
2.80832e-10
4.13348e-10
1.07805e-09
8.91493e-10
7.75151e-10
4.16362e-10
9.76061e-10
6.61074e-10
2.88439e-10
8.18904e-10
2.98101e-10
3.94808e-10
8.67892e-10
3.46928e-10
1.05419e-09
3.97017e-10
3.61641e-10
2.69443e-10
3.77788e-10
3.27809e-10
3.489e-10
1.10931e-09
7.99229e-10
3.43503e-10
3.48888e-10
9.53827e-10
3.74922e-10
9.34443e-10
3.53443e-10
3.24503e-10
1.05421e-09
8.8328e-10
9.52319e-10
3.2208e-10
4.16294e-10
4.11438e-10
3.81559e-10
3.87523e-10
3.90584e-10
8.89968e-10
1.0987e-09
1.00337e-09
3.34435e-10
3.90438e-10
9.27452e-10
3.66625e-10
3.38203e-10
3.73027e-10
3.28302e-10
4.23831e-10
4.04292e-10
8.45524e-10
3.7329e-10
2.8345e-10
9.85661e-10
1.00289e-09
4.12045e-10
7.78215e-10
2.84769e-10
4.75276e-10
3.29841e-10
9.34183e-10
8.61857e-10
4.00292e-10
3.9526e-10
4.32377e-10
3.9919e-10
2.97308e-10
3.93422e-10
3.65668e-10
8.37512e-10
3.50414e-10
3.74909e-10
3.10951e-10
4.62235e-10
3.47416e-10
9.94816e-10
3.98925e-10
9.0487e-10
1.05071e-09
3.80474e-10
3.05032e-10
3.54022e-10
4.47621e-10
1.10933e-09
9.84964e-10
8.96745e-10
3.16233e-10
3.86843e-10
9.65895e-10
4.85375e-10
3.2554e-10
7.75569e-10
8.38788e-10
3.43592e-10
9.03692e-10
3.26233e-10
3.6343e-10
3.44379e-10
3.49648e-10
3.42052e-10
9.9645e-10
1.08893e-09
1.01672e-09
4.02584e-10
4.1459e-10
3.70477e-10
8.49803e-10
9.27491e-10
4.04282e-10
3.50246e-10
4.13982e-10
9.28562e-10
2.76133e-10
3.12235e-10
8.84658e-10
4.03495e-10
3.94353e-10
3.35273e-10
9.58791e-10
4.14781e-10
9.20962e-10
7.45701e-10
3.96065e-10
3.57017e-10
3.35216e-10
3.48177e-10
8.28939e-10
3.41007e-10
1.0157e-09
3.84446e-10
4.16096e-10
9.49222e-10
8.5934e-10
8.92814e-10
8.53818e-10
4.13648e-10
9.83134e-10
5.07412e-10
3.50929e-10
8.46335e-10
3.95747e-10
5.27326e-10
7.77496e-10
3.05397e-10
4.52365e-10
4.54277e-10
8.36768e-10
3.51093e-10
8.27126e-10
9.52313e-10
4.44346e-10
3.43946e-10
3.10632e-10
8.82177e-10
9.63701e-10
8.20004e-10
8.87865e-10
9.65476e-10
8.8917e-10
3.48602e-10
3.59368e-10
3.47837e-10
3.20517e-10
3.2238e-10
4.15464e-10
9.12181e-10
3.67747e-10
3.0949e-10
1.02422e-09
8.81378e-10
1.1008e-09
9.32891e-10
8.77038e-10
4.23732e-10
9.41252e-10
9.47493e-10
4.26552e-10
8.26558e-10
9.26832e-10
3.83609e-10
3.3201e-10
3.65151e-10
3.35288e-10
3.9526e-10
3.64368e-10
3.65342e-10
3.13583e-10
8.85858e-10
3.35054e-10
8.3331e-10
3.33176e-10
4.09859e-10
3.17708e-10
1.00762e-09
4.28723e-10
2.98758e-10
3.60178e-10
3.48491e-10
3.55913e-10
8.19389e-10
3.73504e-10
8.95038e-10
3.71821e-10
1.01603e-09
3.70365e-10
1.02336e-09
4.90298e-10
8.94364e-10
1.06514e-09
3.44518e-10
1.12115e-09
1.02369e-09
4.71304e-10
4.10612e-10
3.7317e-10
3.80906e-10
8.57379e-10
3.30433e-10
4.27287e-10
9.63509e-10
3.21982e-10
1.08222e-09
1.08377e-09
9.43422e-10
3.458e-10
1.03794e-09
3.56277e-10
7.8066e-10
3.10835e-10
9.53849e-10
9.5742e-10
3.40025e-10
9.38636e-10
1.03231e-09
8.29002e-10
8.9155e-10
3.21456e-10
3.70258e-10
3.60908e-10
3.96831e-10
3.76127e-10
3.03662e-10
9.27153e-10
3.78334e-10
3.46278e-10
4.04808e-10
3.88708e-10
7.06536e-10
4.31204e-10
3.6186e-10
3.389e-10
9.33442e-10
1.0114e-09
3.61645e-10
7.88139e-10
3.83859e-10
7.96046e-10
3.42264e-10
4.23036e-10
3.91261e-10
1.04766e-09
3.56039e-10
9.59527e-10
3.93034e-10
8.14423e-10
3.63397e-10
9.31836e-10
3.8702e-10
8.90715e-10
9.26419e-10
8.7618e-10
3.12082e-10
1.10199e-09
8.30039e-10
9.75529e-10
9.72631e-10
3.40091e-10
9.10841e-10
2.85459e-10
8.61746e-10
9.86243e-10
3.42734e-10
2.78851e-10
8.91352e-10
3.85279e-10
7.58171e-10
9.49286e-10
8.99935e-10
3.02742e-10
8.17567e-10
3.62804e-10
7.4726e-10
4.26848e-10
2.95512e-10
3.11995e-10
8.74023e-10
3.63663e-10
3.8044e-10
8.72667e-10
4.18454e-10
3.7264e-10
2.64111e-10
3.6884e-10
9.61494e-10
1.00753e-09
3.99139e-10
3.85422e-10
8.95959e-10
3.67017e-10
7.54904e-10
2.6761e-10
9.42829e-10
7.55223e-10
3.23645e-10
9.71322e-10
3.94979e-10
3.74881e-10
3.19692e-10
3.48585e-10
3.65645e-10
1.01568e-09
3.63049e-10
4.3615e-10
3.48327e-10
3.5279e-10
3.83138e-10
3.77996e-10
3.65405e-10
9.79074e-10
3.8167e-10
3.57405e-10
7.86387e-10
9.99968e-10
1.02187e-09
3.85664e-10
3.978e-10
3.13644e-10
9.65964e-10
4.11729e-10
4.81798e-10
3.52828e-10
9.58187e-10
1.12493e-09
4.10335e-10
8.91115e-10
3.55637e-10
3.60238e-10
3.5098e-10
9.78761e-10
4.39287e-10
3.16919e-10
8.94694e-10
3.62019e-10
3.50165e-10
8.92341e-10
3.96542e-10
8.7431e-10
4.07276e-10
3.69564e-10
3.98222e-10
3.03497e-10
8.84834e-10
2.90675e-10
1.00995e-09
3.71094e-10
8.59872e-10
3.23741e-10
1.03057e-09
3.37865e-10
3.6981e-10
3.40266e-10
7.99026e-10
2.8771e-10
3.93186e-10
9.05299e-10
1.04538e-09
7.80556e-10
4.92532e-10
3.41916e-10
3.05478e-10
4.37944e-10
3.32266e-10
8.00883e-10
8.76031e-10
3.20977e-10
4.57289e-10
3.48302e-10
9.33175e-10
3.48559e-10
3.29142e-10
3.73637e-10
8.95325e-10
3.84196e-10
8.27726e-10
8.41757e-10
9.34719e-10
9.57457e-10
3.69934e-10
3.18725e-10
9.00081e-10
3.827e-10
4.64136e-10
3.62098e-10
2.91855e-10
4.27685e-10
7.89874e-10
2.97929e-10
2.67441e-10
8.27409e-10
8.55924e-10
4.1653e-10
4.46238e-10
7.71815e-10
8.09901e-10
4.92738e-10
3.32975e-10
4.47479e-10
1.09955e-09
4.24166e-10
3.38351e-10
8.83369e-10
3.12576e-10
3.80702e-10
9.26476e-10
4.32261e-10
3.6232e-10
3.0062e-10
3.83165e-10
4.05564e-10
3.43395e-10
8.01036e-10
3.77363e-10
8.8459e-10
8.71523e-10
8.23122e-10
8.12895e-10
3.44233e-10
3.98574e-10
3.09852e-10
1.08097e-09
3.81896e-10
9.71221e-10
8.7836e-10
3.48532e-10
3.95312e-10
9.63455e-10
1.09653e-09
9.68217e-10
3.4502e-10
9.43419e-10
6.43247e-10
4.15314e-10
4.57296e-10
4.26076e-10
8.72258e-10
9.19246e-10
1.0105e-09
3.08224e-10
3.76761e-10
3.76006e-10
8.99745e-10
3.03859e-10
3.64022e-10
9.33216e-10
1.00174e-09
7.80473e-10
3.15407e-10
8.74475e-10
3.30858e-10
3.89973e-10
3.48051e-10
8.49312e-10
3.69229e-10
8.83962e-10
3.14549e-10
3.8916e-10
3.35866e-10
3.86023e-10
9.02877e-10
8.98398e-10
4.14058e-10
2.96409e-10
4.02412e-10
3.74528e-10
4.44089e-10
1.15556e-09
8.40791e-10
8.13325e-10
2.72015e-10
3.15736e-10
3.7533e-10
7.97268e-10
3.5753e-10
4.29922e-10
2.69448e-10
8.11203e-10
1.00224e-09
3.73943e-10
4.00441e-10
1.16615e-09
1.01474e-09
4.18986e-10
3.7741e-10
4.00557e-10
9.14451e-10
3.6611e-10
3.90802e-10
3.73385e-10
8.67129e-10
3.25064e-10
3.39979e-10
3.04204e-10
3.69722e-10
4.26294e-10
1.05113e-09
9.31679e-10
3.74667e-10
3.44696e-10
8.42017e-10
3.45645e-10
3.30631e-10
3.67197e-10
3.80142e-10
9.42209e-10
3.65366e-10
8.57134e-10
3.95251e-10
3.36493e-10
3.86296e-10
1.01761e-09
3.41285e-10
2.86903e-10
8.50287e-10
8.78964e-10
3.29329e-10
4.35689e-10
8.7743e-10
1.06618e-09
8.01037e-10
2.76652e-10
8.90333e-10
7.97124e-10
8.94944e-10
3.47341e-10
9.10665e-10
7.92488e-10
9.2532e-10
3.63051e-10
9.18689e-10
9.55809e-10
8.84623e-10
4.29916e-10
3.35829e-10
8.81452e-10
3.5533e-10
3.51116e-10
4.01375e-10
3.90296e-10
9.61092e-10
3.50316e-10
3.81364e-10
7.74963e-10
1.01262e-09
3.76279e-10
4.51468e-10
3.55806e-10
4.12354e-10
3.49835e-10
8.39198e-10
4.05325e-10
3.66933e-10
7.13689e-10
3.75766e-10
9.77078e-10
2.97908e-10
3.92509e-10
3.98862e-10
4.70349e-10
3.45555e-10
7.83259e-10
8.94805e-10
9.2748e-10
3.58175e-10
3.65549e-10
1.14974e-09
8.91214e-10
8.14037e-10
1.09066e-09
3.35991e-10
9.60619e-10
9.57137e-10
3.16711e-10
3.64299e-10
3.51559e-10
4.30523e-10
3.43402e-10
9.83556e-10
8.7493e-10
8.577e-10
9.29713e-10
3.8262e-10
3.12297e-10
1.02908e-09
3.14126e-10
4.45347e-10
4.25006e-10
3.26898e-10
9.95504e-10
8.52165e-10
3.75193e-10
1.10414e-09
8.77763e-10
3.45981e-10
5.20925e-10
3.25046e-10
3.17701e-10
8.79117e-10
3.13538e-10
3.6588e-10
4.18505e-10
3.09143e-10
4.12032e-10
3.43391e-10
8.07056e-10
9.80153e-10
9.12968e-10
3.37362e-10
3.88082e-10
3.38127e-10
3.88564e-10
3.39344e-10
3.2203e-10
8.6104e-10
4.11594e-10
1.03649e-09
3.41926e-10
4.47662e-10
9.08578e-10
4.02569e-10
1.05472e-09
9.8515e-10
9.78225e-10
9.37165e-10
2.98671e-10
9.69841e-10
8.65556e-10
7.98768e-10
5.15492e-10
2.8267e-10
3.74643e-10
9.1813e-10
4.09213e-10
4.17507e-10
7.72491e-10
4.48298e-10
1.01558e-09
3.23147e-10
8.82773e-10
8.74026e-10
3.81556e-10
3.83944e-10
8.96127e-10
3.41165e-10
3.31856e-10
4.72806e-10
8.27755e-10
3.74553e-10
3.32366e-10
1.03389e-09
8.80801e-10
3.8535e-10
4.42183e-10
8.27165e-10
9.45095e-10
2.60979e-10
3.8634e-10
4.21057e-10
8.18445e-10
3.63556e-10
8.3699e-10
1.05283e-09
2.90916e-10
3.05358e-10
2.98958e-10
8.19488e-10
3.36031e-10
8.17094e-10
4.71373e-10
2.86991e-10
8.48673e-10
3.0704e-10
8.80597e-10
7.60887e-10
4.17149e-10
9.37303e-10
3.91507e-10
2.95615e-10
4.02991e-10
9.43594e-10
3.13197e-10
7.93719e-10
8.73188e-10
1.02803e-09
3.73026e-10
3.20914e-10
8.5359e-10
8.91625e-10
8.04536e-10
3.04578e-10
9.86341e-10
5.98613e-10
3.78516e-10
1.00518e-09
3.60251e-10
9.58972e-10
8.68673e-10
3.69512e-10
9.29106e-10
4.05926e-10
4.17584e-10
2.98119e-10
8.88974e-10
3.12375e-10
7.87434e-10
4.03854e-10
3.9306e-10
3.91236e-10
3.58716e-10
2.76663e-10
9.74723e-10
2.98754e-10
3.59366e-10
9.08229e-10
9.18166e-10
8.45481e-10
7.73402e-10
8.17633e-10
3.90369e-10
8.50871e-10
3.90057e-10
3.73544e-10
3.84138e-10
9.47339e-10
3.34397e-10
3.53612e-10
3.36978e-10
3.39437e-10
3.21782e-10
4.79769e-10
3.60239e-10
8.06436e-10
9.09847e-10
9.16396e-10
8.10685e-10
4.14713e-10
3.71038e-10
3.11944e-10
3.69867e-10
8.32914e-10
8.2217e-10
4.6527e-10
8.43858e-10
3.16496e-10
3.48241e-10
1.04115e-09
2.88914e-10
3.32091e-10
8.53719e-10
8.70558e-10
4.31845e-10
3.76621e-10
3.88058e-10
3.33522e-10
9.27625e-10
2.34891e-10
3.66666e-10
3.61762e-10
3.45631e-10
3.31767e-10
4.07705e-10
4.51147e-10
1.08618e-09
2.72263e-10
3.53174e-10
8.40095e-10
9.6451e-10
4.22207e-10
3.61076e-10
7.85161e-10
3.84087e-10
8.53505e-10
3.54782e-10
9.37185e-10
3.60064e-10
4.31969e-10
9.51736e-10
3.89366e-10
3.36373e-10
9.85593e-10
3.28442e-10
3.77792e-10
3.57516e-10
3.97202e-10
8.70709e-10
9.52613e-10
3.73266e-10
8.89544e-10
3.04975e-10
3.83913e-10
8.35948e-10
3.86104e-10
8.54125e-10
3.34979e-10
2.80074e-10
8.65475e-10
8.23401e-10
8.41734e-10
9.42205e-10
3.21435e-10
3.86146e-10
3.73729e-10
9.88898e-10
4.27405e-10
4.15224e-10
3.26878e-10
1.16007e-09
3.42611e-10
1.02702e-09
3.29984e-10
4.14916e-10
2.99393e-10
3.79272e-10
3.16401e-10
7.89453e-10
9.03778e-10
9.47071e-10
3.36243e-10
3.26123e-10
3.99681e-10
3.41447e-10
1.022e-09
3.63097e-10
3.52945e-10
3.51325e-10
2.58153e-10
4.45721e-10
9.41018e-10
1.05738e-09
1.0169e-09
3.97122e-10
4.15083e-10
3.75588e-10
8.1268e-10
3.27866e-10
3.74762e-10
2.84293e-10
9.25459e-10
8.23649e-10
3.85347e-10
3.92574e-10
1.00184e-09
9.65495e-10
4.56437e-10
3.16273e-10
7.79078e-10
8.50248e-10
3.65941e-10
9.89234e-10
3.59965e-10
7.05594e-10
3.2048e-10
8.83253e-10
1.00392e-09
1.01831e-09
4.52692e-10
8.39484e-10
9.23082e-10
8.97283e-10
1.07918e-09
1.00239e-09
4.12964e-10
3.49747e-10
8.32229e-10
3.52171e-10
8.52765e-10
2.95367e-10
8.48826e-10
4.05639e-10
1.07008e-09
8.86951e-10
3.79153e-10
9.18255e-10
4.05333e-10
8.62499e-10
8.53241e-10
9.29324e-10
4.24942e-10
4.87256e-10
7.54638e-10
8.89936e-10
3.30626e-10
3.42533e-10
3.75929e-10
1.02978e-09
3.57162e-10
4.27849e-10
8.76951e-10
3.93074e-10
7.8692e-10
1.0804e-09
3.91576e-10
3.92191e-10
7.17327e-10
4.09194e-10
7.97405e-10
8.55093e-10
9.16154e-10
7.08045e-10
3.58201e-10
3.51637e-10
1.1365e-09
3.16516e-10
3.25803e-10
4.01708e-10
9.90956e-10
9.279e-10
4.51486e-10
4.38428e-10
4.15171e-10
3.35839e-10
9.28083e-10
3.82018e-10
3.53843e-10
4.21744e-10
9.52121e-10
1.14367e-09
2.97305e-10
4.19273e-10
1.01324e-09
2.64278e-10
3.52147e-10
3.44165e-10
9.37863e-10
3.69427e-10
3.6043e-10
3.0259e-10
3.1683e-10
3.93154e-10
4.15152e-10
4.01389e-10
8.46772e-10
7.25651e-10
3.92055e-10
3.62617e-10
3.10368e-10
9.29645e-10
4.07521e-10
3.20881e-10
3.8291e-10
9.5556e-10
3.01406e-10
3.19219e-10
9.29403e-10
3.59683e-10
3.54878e-10
3.00225e-10
3.45544e-10
2.88193e-10
3.66272e-10
9.23214e-10
3.50046e-10
9.61233e-10
7.28948e-10
4.16318e-10
3.47759e-10
9.3739e-10
9.58824e-10
3.91327e-10
3.11242e-10
3.86107e-10
9.67527e-10
4.07892e-10
4.38229e-10
3.68321e-10
4.53516e-10
3.71822e-10
7.54879e-10
7.86059e-10
3.19957e-10
7.97221e-10
4.01849e-10
3.71236e-10
3.9387e-10
3.65395e-10
4.04907e-10
3.91174e-10
3.10527e-10
3.71548e-10
4.2551e-10
8.34955e-10
9.44903e-10
2.90976e-10
3.68081e-10
9.60361e-10
3.3864e-10
9.26294e-10
3.60761e-10
3.11023e-10
8.69886e-10
3.68653e-10
1.00541e-09
2.97793e-10
3.81978e-10
4.15972e-10
3.9156e-10
1.01244e-09
3.32836e-10
3.77957e-10
8.6734e-10
9.29993e-10
3.56125e-10
5.17036e-10
8.85784e-10
9.62526e-10
8.8384e-10
9.9036e-10
2.90975e-10
1.05405e-09
8.21697e-10
4.07805e-10
7.89266e-10
3.91097e-10
9.43892e-10
2.89695e-10
1.00285e-09
7.90801e-10
7.82686e-10
8.59765e-10
7.34791e-10
1.15895e-09
9.95263e-10
4.31354e-10
9.08937e-10
3.84364e-10
8.82564e-10
1.11768e-09
8.82383e-10
3.13545e-10
3.87275e-10
3.76582e-10
1.04378e-09
4.04777e-10
7.81987e-10
3.80998e-10
9.17318e-10
3.98597e-10
8.83785e-10
8.85343e-10
3.62883e-10
1.00038e-09
3.42352e-10
3.87621e-10
7.76478e-10
4.25362e-10
1.04231e-09
3.67956e-10
4.03803e-10
8.13704e-10
3.70194e-10
3.28724e-10
8.5551e-10
9.79041e-10
3.89279e-10
7.49235e-10
8.23352e-10
9.48425e-10
9.50574e-10
3.74553e-10
8.67243e-10
3.89922e-10
9.57132e-10
6.58834e-10
9.23463e-10
1.07634e-09
4.3591e-10
8.09434e-10
3.44185e-10
9.68897e-10
8.95433e-10
7.59328e-10
1.02742e-09
3.02572e-10
3.8355e-10
3.09234e-10
9.08187e-10
3.09609e-10
3.44362e-10
4.40354e-10
3.36974e-10
3.56089e-10
3.52011e-10
8.80166e-10
8.99122e-10
9.66632e-10
4.17231e-10
8.72639e-10
1.01162e-09
9.65072e-10
9.02463e-10
7.79774e-10
3.84314e-10
7.4363e-10
3.62487e-10
9.26023e-10
3.67202e-10
3.27618e-10
3.99196e-10
4.28542e-10
1.14216e-09
7.28532e-10
4.3044e-10
8.46731e-10
4.9428e-10
3.89671e-10
4.12807e-10
9.59544e-10
9.25308e-10
9.94087e-10
3.79777e-10
8.89076e-10
2.76294e-10
3.40386e-10
3.38775e-10
3.26055e-10
3.91799e-10
3.70388e-10
4.78855e-10
8.79601e-10
1.01824e-09
3.65608e-10
3.90227e-10
9.59376e-10
4.01829e-10
3.71936e-10
3.68502e-10
4.10254e-10
1.06098e-09
7.8057e-10
4.42898e-10
1.14795e-09
8.15582e-10
3.60571e-10
3.9783e-10
3.6636e-10
3.75057e-10
1.00984e-09
4.31726e-10
3.54676e-10
3.82352e-10
3.9143e-10
1.04486e-09
9.17303e-10
3.00935e-10
8.74541e-10
3.56089e-10
3.07208e-10
3.28228e-10
5.48278e-10
3.46111e-10
9.09537e-10
8.94127e-10
4.02615e-10
2.9792e-10
3.89473e-10
3.89859e-10
3.6754e-10
3.54481e-10
3.18046e-10
1.08672e-09
4.09678e-10
3.22788e-10
9.31273e-10
9.56574e-10
7.80816e-10
3.62777e-10
4.32483e-10
3.53005e-10
3.22411e-10
4.28095e-10
3.47189e-10
3.01842e-10
3.94214e-10
9.04648e-10
4.28142e-10
9.64496e-10
8.52406e-10
1.17861e-09
3.56763e-10
3.98176e-10
4.30933e-10
4.01307e-10
3.68989e-10
1.02081e-09
7.60002e-10
3.03264e-10
3.77462e-10
9.91305e-10
1.00156e-09
3.61059e-10
8.64797e-10
3.71436e-10
1.05983e-09
3.87302e-10
3.512e-10
3.70821e-10
3.51855e-10
3.41769e-10
9.26761e-10
9.40062e-10
3.72122e-10
9.24363e-10
8.43836e-10
4.30998e-10
3.95598e-10
4.66924e-10
9.81713e-10
9.18389e-10
3.88112e-10
9.48197e-10
8.32276e-10
8.30566e-10
8.37331e-10
1.00683e-09
4.01754e-10
3.74874e-10
3.40454e-10
4.083e-10
2.86418e-10
3.38474e-10
3.1786e-10
3.65964e-10
8.16931e-10
9.19765e-10
3.89621e-10
4.01936e-10
1.10436e-09
3.88052e-10
8.2411e-10
3.71294e-10
3.62295e-10
9.92562e-10
4.72964e-10
3.75334e-10
8.54376e-10
3.53698e-10
9.12355e-10
9.32444e-10
3.79895e-10
3.52243e-10
9.1508e-10
3.79132e-10
3.53527e-10
3.57632e-10
1.08654e-09
3.90734e-10
8.97239e-10
4.10324e-10
3.50284e-10
1.05957e-09
1.00966e-09
9.11614e-10
3.8657e-10
3.25833e-10
9.19574e-10
3.5341e-10
4.11085e-10
1.01357e-09
2.76495e-10
1.03825e-09
3.74567e-10
9.43695e-10
3.49134e-10
3.64227e-10
8.62318e-10
3.83887e-10
9.17764e-10
9.85098e-10
8.28113e-10
3.99238e-10
3.55181e-10
3.08743e-10
4.06685e-10
3.64159e-10
9.36016e-10
3.52676e-10
3.33287e-10
1.04547e-09
1.0539e-09
7.71933e-10
8.40809e-10
4.94683e-10
5.13565e-10
8.76679e-10
9.05656e-10
3.513e-10
2.70155e-10
9.82755e-10
8.11222e-10
2.6974e-10
3.26036e-10
4.16763e-10
9.86061e-10
4.71622e-10
3.65507e-10
9.06192e-10
3.8391e-10
1.00168e-09
3.42386e-10
4.52613e-10
3.4788e-10
3.50223e-10
9.2792e-10
1.03028e-09
1.0576e-09
9.40317e-10
3.65765e-10
3.55087e-10
3.0395e-10
1.00853e-09
4.53317e-10
8.64678e-10
4.28476e-10
1.05818e-09
7.75976e-10
2.86827e-10
3.03676e-10
3.59568e-10
3.24998e-10
4.56511e-10
4.25311e-10
1.04482e-09
3.60097e-10
3.41306e-10
4.3084e-10
3.593e-10
8.87055e-10
9.46023e-10
5.17738e-10
9.94949e-10
3.08283e-10
2.81051e-10
8.01924e-10
9.43757e-10
8.64554e-10
3.68419e-10
3.50982e-10
5.06441e-10
4.3964e-10
3.99746e-10
2.71009e-10
1.06239e-09
1.0706e-09
3.38083e-10
8.95139e-10
3.99817e-10
3.7226e-10
9.76204e-10
9.63803e-10
1.13468e-09
4.52634e-10
1.06929e-09
4.26209e-10
8.26958e-10
9.98965e-10
4.87493e-10
4.36913e-10
1.04204e-09
4.77435e-10
3.29041e-10
3.4784e-10
8.22172e-10
3.62704e-10
3.59418e-10
3.97276e-10
8.16841e-10
7.0405e-10
9.10389e-10
8.04469e-10
1.01302e-09
3.01746e-10
1.10334e-09
3.62299e-10
8.86084e-10
4.08818e-10
2.97209e-10
9.22962e-10
4.41129e-10
3.15624e-10
3.25144e-10
8.237e-10
9.32505e-10
3.90456e-10
9.84509e-10
3.42146e-10
1.03534e-09
4.00656e-10
3.21327e-10
9.40356e-10
3.52884e-10
1.03025e-09
8.57073e-10
9.53142e-10
9.57207e-10
9.90544e-10
3.51991e-10
9.19893e-10
3.45044e-10
3.30108e-10
9.52611e-10
7.3679e-10
9.25145e-10
4.49582e-10
3.70448e-10
9.53584e-10
4.16869e-10
3.10921e-10
3.64265e-10
3.52743e-10
1.00716e-09
8.46438e-10
3.38036e-10
9.27744e-10
1.00809e-09
8.23234e-10
3.9214e-10
1.04053e-09
3.46537e-10
8.65855e-10
9.40425e-10
3.90555e-10
9.06619e-10
3.65464e-10
3.61997e-10
4.34616e-10
3.07747e-10
3.45477e-10
4.243e-10
9.38068e-10
3.18458e-10
8.02343e-10
3.31985e-10
4.37394e-10
8.2536e-10
3.98623e-10
8.56108e-10
3.09457e-10
3.89287e-10
4.21156e-10
8.76233e-10
9.15502e-10
1.03075e-09
2.72455e-10
3.48909e-10
8.85584e-10
9.64708e-10
2.54826e-10
4.57598e-10
8.12594e-10
7.10455e-10
3.23638e-10
3.26245e-10
3.10171e-10
8.48616e-10
9.76877e-10
3.74548e-10
3.64986e-10
4.4964e-10
4.52761e-10
3.68385e-10
3.64948e-10
9.81486e-10
2.89232e-10
4.0269e-10
3.99452e-10
3.92998e-10
3.14748e-10
9.43395e-10
4.09462e-10
7.56677e-10
3.52484e-10
9.12615e-10
8.59393e-10
1.03046e-09
1.07522e-09
3.55617e-10
2.74437e-10
1.22435e-09
8.8584e-10
3.47405e-10
9.5415e-10
9.69059e-10
3.90833e-10
3.83186e-10
1.13915e-09
9.56123e-10
3.95924e-10
9.63529e-10
4.18306e-10
3.64365e-10
3.56748e-10
8.18575e-10
8.98715e-10
9.11116e-10
3.94496e-10
9.14734e-10
4.64518e-10
4.02078e-10
4.00127e-10
4.08995e-10
8.65681e-10
3.79546e-10
3.15378e-10
3.04855e-10
4.45484e-10
3.58028e-10
4.65298e-10
3.1005e-10
3.57196e-10
6.39677e-10
3.37766e-10
9.66549e-10
9.72162e-10
8.69699e-10
8.29673e-10
8.07419e-10
3.74819e-10
3.35191e-10
9.57217e-10
4.24162e-10
4.58857e-10
3.42929e-10
8.67133e-10
6.98524e-10
4.0667e-10
4.46721e-10
9.50786e-10
3.89891e-10
4.06879e-10
3.21109e-10
9.88894e-10
4.2266e-10
9.63881e-10
3.75821e-10
3.81068e-10
3.87948e-10
3.35185e-10
9.58969e-10
8.75031e-10
2.81434e-10
9.28969e-10
3.18552e-10
3.35596e-10
9.39168e-10
9.69839e-10
8.10198e-10
9.39924e-10
9.75284e-10
9.88264e-10
3.73987e-10
7.51862e-10
3.16945e-10
4.07211e-10
9.01557e-10
3.96184e-10
9.07881e-10
3.23668e-10
3.53704e-10
7.87343e-10
3.74124e-10
3.78604e-10
9.82923e-10
9.62489e-10
3.6588e-10
9.06275e-10
3.57301e-10
1.01772e-09
3.40613e-10
7.9384e-10
3.30222e-10
3.07122e-10
9.05734e-10
3.9796e-10
1.00231e-09
9.4859e-10
1.01295e-09
9.88361e-10
3.75616e-10
8.04009e-10
3.19713e-10
9.68886e-10
6.85918e-10
7.92817e-10
2.48634e-10
1.00548e-09
4.87931e-10
3.67822e-10
3.25083e-10
9.47061e-10
9.43574e-10
8.7223e-10
3.51249e-10
3.26553e-10
3.82792e-10
9.60259e-10
3.24783e-10
4.34788e-10
3.42776e-10
3.31588e-10
4.42393e-10
9.20966e-10
3.92236e-10
4.73745e-10
9.54808e-10
4.14365e-10
3.59879e-10
8.30791e-10
4.00914e-10
3.99231e-10
3.38706e-10
2.61019e-10
9.23808e-10
3.50576e-10
5.48242e-10
3.14659e-10
3.82025e-10
3.5333e-10
9.04398e-10
3.15709e-10
8.95362e-10
3.687e-10
1.0419e-09
3.1475e-10
4.13434e-10
4.05905e-10
8.54576e-10
1.02244e-09
9.65507e-10
9.90579e-10
3.83694e-10
2.89526e-10
9.67516e-10
8.30201e-10
7.86257e-10
2.7943e-10
4.01146e-10
8.08106e-10
3.03804e-10
9.58702e-10
8.03717e-10
8.82237e-10
3.14304e-10
3.56838e-10
1.14173e-09
9.52672e-10
3.84257e-10
3.83496e-10
2.93939e-10
3.60912e-10
3.18642e-10
4.35894e-10
8.4723e-10
3.81579e-10
4.50858e-10
9.25385e-10
3.58793e-10
7.57513e-10
3.87017e-10
1.01515e-09
3.0562e-10
3.47556e-10
3.66257e-10
9.1229e-10
3.45803e-10
4.36502e-10
8.48795e-10
4.14245e-10
3.82397e-10
9.48799e-10
3.72462e-10
3.44224e-10
9.72846e-10
8.61139e-10
3.7022e-10
3.45632e-10
9.07618e-10
4.17504e-10
9.5288e-10
3.6168e-10
3.6966e-10
3.77757e-10
3.41303e-10
3.64012e-10
4.01122e-10
3.44493e-10
3.34763e-10
4.17159e-10
3.42513e-10
4.00397e-10
4.22864e-10
1.03149e-09
3.40518e-10
4.04889e-10
8.92545e-10
3.78331e-10
3.82257e-10
4.08416e-10
8.79754e-10
1.04343e-09
3.59623e-10
9.1298e-10
2.97993e-10
3.25222e-10
3.20811e-10
9.42786e-10
3.16344e-10
3.76903e-10
2.19469e-10
9.2729e-10
9.08329e-10
1.01297e-09
8.78452e-10
4.26313e-10
7.65873e-10
1.00794e-09
3.84141e-10
8.62902e-10
3.02411e-10
3.08711e-10
9.76393e-10
9.88825e-10
9.96578e-10
3.60917e-10
3.72443e-10
6.05943e-10
3.22259e-10
8.87414e-10
3.86377e-10
7.98403e-10
3.56439e-10
3.68986e-10
3.73426e-10
4.72769e-10
3.0647e-10
4.04787e-10
1.11041e-09
4.54249e-10
9.12858e-10
8.0513e-10
4.12274e-10
3.42555e-10
9.35751e-10
2.82057e-10
3.69996e-10
3.97596e-10
8.94403e-10
8.67682e-10
3.51958e-10
3.45624e-10
8.74783e-10
9.87011e-10
3.16006e-10
4.45317e-10
3.58486e-10
3.44763e-10
3.81689e-10
3.24587e-10
9.22597e-10
9.19847e-10
3.49566e-10
8.25242e-10
1.06323e-09
9.26934e-10
4.30273e-10
9.64971e-10
3.46419e-10
3.80781e-10
9.24297e-10
7.90565e-10
3.32207e-10
3.63259e-10
3.74172e-10
9.52854e-10
9.76723e-10
4.03405e-10
9.41841e-10
1.05566e-09
4.70426e-10
8.67552e-10
3.76915e-10
8.43553e-10
3.50453e-10
4.359e-10
8.85319e-10
8.79434e-10
3.49561e-10
8.96108e-10
7.97968e-10
3.27875e-10
1.00316e-09
4.77651e-10
9.00218e-10
3.07122e-10
3.20509e-10
3.41725e-10
1.00381e-09
9.09542e-10
3.85508e-10
1.02477e-09
3.41843e-10
9.48016e-10
3.50052e-10
1.11636e-09
9.45621e-10
2.59508e-10
3.22032e-10
9.86548e-10
9.02687e-10
9.61233e-10
4.09108e-10
9.45349e-10
8.74865e-10
2.4331e-10
2.69362e-10
3.6923e-10
8.64421e-10
3.04821e-10
1.03318e-09
8.45591e-10
9.21215e-10
1.03569e-09
8.70625e-10
8.58878e-10
1.11403e-09
3.45901e-10
3.54485e-10
8.40147e-10
1.00476e-09
1.0051e-09
9.17706e-10
8.36967e-10
4.19164e-10
9.69498e-10
8.9108e-10
1.05375e-09
2.74387e-10
2.91854e-10
3.59269e-10
1.02311e-09
1.01606e-09
3.87833e-10
9.76571e-10
3.54826e-10
3.59607e-10
4.05178e-10
3.18913e-10
3.68812e-10
4.55675e-10
3.0554e-10
3.59529e-10
8.91552e-10
7.1631e-10
9.08022e-10
8.80317e-10
9.27807e-10
3.52188e-10
9.10595e-10
9.83155e-10
9.1758e-10
1.13922e-09
4.90096e-10
8.28786e-10
8.58188e-10
8.6941e-10
4.45938e-10
3.02063e-10
9.30404e-10
9.41637e-10
3.58835e-10
4.20788e-10
7.886e-10
9.78201e-10
3.9169e-10
9.19988e-10
8.44585e-10
7.79981e-10
8.79003e-10
2.8514e-10
9.68464e-10
3.91924e-10
9.68208e-10
2.35069e-10
3.20763e-10
8.51732e-10
4.06079e-10
4.39619e-10
7.84783e-10
4.0738e-10
3.6991e-10
8.58178e-10
1.00281e-09
9.54569e-10
1.15117e-09
3.70075e-10
1.10256e-09
3.47729e-10
3.55357e-10
4.08988e-10
3.51198e-10
3.32925e-10
9.90464e-10
3.48917e-10
3.57656e-10
3.15402e-10
8.578e-10
8.52994e-10
1.09967e-09
3.915e-10
2.68643e-10
9.84539e-10
4.62224e-10
3.79877e-10
1.00404e-09
3.71634e-10
8.29569e-10
9.83364e-10
3.39155e-10
3.86622e-10
8.90549e-10
3.79584e-10
9.13784e-10
8.74084e-10
4.42423e-10
9.65616e-10
8.58962e-10
4.02048e-10
3.84334e-10
3.14506e-10
3.4598e-10
4.12237e-10
3.15242e-10
4.1319e-10
3.25305e-10
4.2101e-10
1.03761e-09
9.03999e-10
4.3022e-10
8.81561e-10
8.57129e-10
3.33193e-10
3.04018e-10
4.00276e-10
8.37463e-10
3.91785e-10
8.84625e-10
1.00202e-09
4.41225e-10
9.9579e-10
9.93214e-10
1.08508e-09
3.78426e-10
3.73826e-10
3.59814e-10
8.39058e-10
7.99697e-10
3.22256e-10
3.17134e-10
3.85193e-10
8.44449e-10
2.84141e-10
1.01008e-09
3.54031e-10
4.30508e-10
3.16313e-10
9.75974e-10
3.64673e-10
8.71135e-10
7.99681e-10
1.06797e-09
7.31755e-10
9.08131e-10
9.06064e-10
4.3969e-10
8.60203e-10
8.77736e-10
4.52247e-10
3.94229e-10
3.36688e-10
3.35088e-10
4.41796e-10
4.08567e-10
8.89883e-10
2.92806e-10
8.61047e-10
9.54054e-10
2.75279e-10
4.20598e-10
4.2352e-10
3.3983e-10
1.05589e-09
3.03718e-10
3.93417e-10
9.67809e-10
8.95426e-10
9.30886e-10
8.53091e-10
8.56008e-10
3.08252e-10
3.53622e-10
3.1688e-10
9.62396e-10
2.89903e-10
8.15846e-10
3.29987e-10
8.59743e-10
8.14843e-10
9.65493e-10
3.82458e-10
1.04013e-09
9.37756e-10
3.24955e-10
4.10833e-10
4.02291e-10
3.42856e-10
8.51284e-10
3.58627e-10
4.17566e-10
3.4995e-10
4.36467e-10
3.85749e-10
9.00102e-10
3.16438e-10
6.61893e-10
4.25077e-10
3.11938e-10
1.05119e-09
8.8062e-10
9.10659e-10
3.27185e-10
6.81549e-10
9.7517e-10
8.20324e-10
4.73206e-10
1.05653e-09
3.21455e-10
1.0518e-09
8.8479e-10
5.0942e-10
2.81178e-10
3.51768e-10
3.87064e-10
9.40489e-10
8.55892e-10
3.42376e-10
4.50851e-10
9.03044e-10
9.00625e-10
3.48154e-10
4.14268e-10
4.19917e-10
8.23591e-10
3.52536e-10
9.78782e-10
1.02187e-09
3.36526e-10
8.79773e-10
3.77091e-10
3.75796e-10
4.41593e-10
4.30012e-10
4.57219e-10
3.62797e-10
9.29227e-10
3.13022e-10
7.10773e-10
4.07524e-10
8.17827e-10
8.36368e-10
1.13525e-09
1.02416e-09
3.0295e-10
1.07289e-09
3.51054e-10
3.68375e-10
1.03803e-09
1.29449e-09
4.05625e-10
4.51536e-10
1.10264e-09
3.42965e-10
3.04426e-10
3.41908e-10
4.11217e-10
1.10467e-09
3.69295e-10
9.10631e-10
4.20556e-10
3.7154e-10
3.9859e-10
5.10044e-10
4.12332e-10
8.54255e-10
1.06121e-09
1.01975e-09
3.13441e-10
3.41481e-10
4.20071e-10
3.94004e-10
8.08056e-10
8.92942e-10
3.09631e-10
3.04584e-10
1.03217e-09
3.57661e-10
7.90899e-10
8.74823e-10
3.56238e-10
9.6735e-10
2.97303e-10
9.50238e-10
1.04904e-09
3.53829e-10
3.82255e-10
8.47676e-10
4.73212e-10
4.43963e-10
1.05392e-09
8.29828e-10
3.46338e-10
4.39533e-10
4.49682e-10
4.574e-10
3.54874e-10
1.00409e-09
8.48908e-10
4.13908e-10
3.69044e-10
5.11397e-10
3.38774e-10
3.7422e-10
3.59953e-10
4.3047e-10
3.3638e-10
3.64662e-10
8.08242e-10
7.58099e-10
4.66041e-10
3.1465e-10
2.86984e-10
3.36141e-10
9.56412e-10
