4.67111e-10
5.81519e-10
5.5125e-10
5.57452e-10
5.93408e-10
5.0536e-10
6.30356e-10
6.54757e-10
5.97592e-10
7.50892e-10
6.62461e-10
5.29098e-10
5.33328e-10
6.15388e-10
5.029e-10
5.4517e-10
6.03726e-10
5.48362e-10
5.77236e-10
4.97815e-10
5.06441e-10
5.1779e-10
6.12874e-10
5.07826e-10
6.89016e-10
7.47927e-10
5.69381e-10
6.34819e-10
6.95298e-10
6.45042e-10
6.00068e-10
6.29593e-10
5.58683e-10
5.86159e-10
5.3959e-10
5.57092e-10
7.95916e-10
6.9614e-10
5.77439e-10
5.8933e-10
5.68795e-10
6.5343e-10
5.41603e-10
5.50364e-10
6.34399e-10
6.15316e-10
6.3784e-10
5.59061e-10
5.16846e-10
5.25614e-10
6.16942e-10
5.8513e-10
5.21915e-10
5.40965e-10
7.16239e-10
5.90319e-10
5.38502e-10
5.5822e-10
6.37031e-10
5.42438e-10
5.52566e-10
5.2107e-10
7.2545e-10
4.56445e-10
5.1647e-10
5.23946e-10
5.81741e-10
5.89638e-10
6.60638e-10
6.21352e-10
6.47896e-10
6.34033e-10
6.17653e-10
7.36153e-10
5.70917e-10
6.12511e-10
7.10823e-10
5.05523e-10
5.24722e-10
6.16344e-10
6.42903e-10
4.40699e-10
6.55719e-10
5.68729e-10
5.74235e-10
5.39117e-10
7.17307e-10
6.20197e-10
5.76806e-10
4.72455e-10
5.63789e-10
6.45214e-10
6.05868e-10
6.16936e-10
5.56292e-10
6.83269e-10
5.4713e-10
5.65202e-10
5.65944e-10
5.57514e-10
6.46678e-10
5.9762e-10
5.63039e-10
5.6127e-10
6.65765e-10
4.85145e-10
5.9743e-10
5.44653e-10
5.6816e-10
5.42906e-10
6.00472e-10
5.94814e-10
5.57357e-10
5.26552e-10
5.49543e-10
5.83122e-10
5.08502e-10
6.18763e-10
6.94113e-10
5.65208e-10
5.36367e-10
7.0436e-10
4.98795e-10
6.45614e-10
6.03579e-10
6.14384e-10
6.57355e-10
5.20436e-10
6.5807e-10
6.63364e-10
4.74688e-10
4.24842e-10
5.23683e-10
7.08848e-10
6.8015e-10
4.96137e-10
5.01711e-10
5.30665e-10
5.80029e-10
4.44557e-10
6.01073e-10
5.60699e-10
6.08383e-10
6.94192e-10
5.2263e-10
6.16403e-10
5.5636e-10
7.01347e-10
5.53291e-10
6.71912e-10
4.99798e-10
6.46023e-10
5.30085e-10
5.48334e-10
5.0683e-10
5.87078e-10
5.76106e-10
4.64569e-10
5.7468e-10
6.60203e-10
4.84469e-10
6.24332e-10
6.06418e-10
5.90576e-10
6.69107e-10
5.58847e-10
4.85338e-10
6.34647e-10
5.45975e-10
5.3938e-10
5.7142e-10
5.61209e-10
5.29212e-10
6.12133e-10
6.18202e-10
4.51748e-10
6.78182e-10
4.87357e-10
6.21086e-10
5.34391e-10
4.86022e-10
5.53204e-10
6.66748e-10
5.97354e-10
5.25361e-10
5.80914e-10
5.03774e-10
4.91351e-10
5.18553e-10
6.82894e-10
6.01822e-10
6.65036e-10
5.12884e-10
5.44465e-10
7.09696e-10
6.0625e-10
6.81455e-10
4.95593e-10
5.8682e-10
4.93475e-10
5.31719e-10
5.51209e-10
5.35572e-10
5.21715e-10
5.83095e-10
5.96531e-10
7.02797e-10
6.36807e-10
5.84643e-10
5.02319e-10
4.4526e-10
6.74758e-10
5.52645e-10
6.30276e-10
6.22744e-10
5.60685e-10
6.19919e-10
5.78124e-10
4.81145e-10
5.17609e-10
6.44574e-10
5.95933e-10
5.50875e-10
5.11285e-10
4.89362e-10
5.76222e-10
4.44291e-10
5.11246e-10
5.50942e-10
5.43467e-10
6.32458e-10
5.70007e-10
5.799e-10
6.20961e-10
5.75477e-10
5.76854e-10
6.27027e-10
6.49651e-10
5.9743e-10
5.12798e-10
6.1636e-10
5.07681e-10
4.74299e-10
4.53455e-10
6.29744e-10
6.19688e-10
5.48654e-10
7.42923e-10
6.11311e-10
7.52522e-10
6.41247e-10
5.53022e-10
4.55659e-10
5.51307e-10
5.79632e-10
6.38842e-10
5.51065e-10
6.62868e-10
6.95913e-10
5.48103e-10
6.02365e-10
7.39266e-10
5.74095e-10
5.26376e-10
7.37845e-10
5.34477e-10
6.11132e-10
5.73313e-10
5.11338e-10
7.28121e-10
5.82218e-10
5.60688e-10
4.91329e-10
6.6522e-10
5.5824e-10
6.2887e-10
5.37751e-10
5.39033e-10
5.30492e-10
6.93657e-10
6.79607e-10
5.92122e-10
5.98108e-10
5.68593e-10
6.6159e-10
5.66626e-10
6.76891e-10
5.53857e-10
6.32446e-10
5.78833e-10
6.36192e-10
5.94002e-10
7.37179e-10
6.01824e-10
7.09253e-10
5.41516e-10
5.99186e-10
5.98416e-10
7.20965e-10
5.98948e-10
6.33371e-10
6.16044e-10
4.71723e-10
5.07698e-10
5.30887e-10
7.09919e-10
6.27669e-10
5.29116e-10
6.5898e-10
5.69355e-10
5.51251e-10
6.70679e-10
6.79716e-10
6.45673e-10
5.08927e-10
5.85658e-10
5.4861e-10
4.53766e-10
5.05413e-10
7.29352e-10
5.85341e-10
5.1359e-10
6.14882e-10
5.24766e-10
4.45491e-10
4.44887e-10
5.32554e-10
6.56787e-10
5.74649e-10
5.24263e-10
4.97793e-10
5.54534e-10
6.76039e-10
4.19713e-10
5.75525e-10
5.58765e-10
5.97475e-10
6.69563e-10
6.4438e-10
7.29264e-10
5.40369e-10
5.47648e-10
6.96252e-10
6.51633e-10
6.85246e-10
6.49241e-10
6.33646e-10
6.30393e-10
4.06883e-10
7.19549e-10
6.12199e-10
6.54631e-10
5.34843e-10
5.81738e-10
5.57802e-10
6.79934e-10
5.25814e-10
5.27201e-10
5.85439e-10
5.87714e-10
6.49511e-10
5.52307e-10
5.28819e-10
5.06038e-10
6.40557e-10
7.33285e-10
6.94169e-10
5.67043e-10
6.76565e-10
5.52399e-10
6.60679e-10
7.58776e-10
5.79534e-10
6.1188e-10
5.98761e-10
4.93542e-10
6.1829e-10
5.97353e-10
5.60823e-10
7.72742e-10
7.28503e-10
5.63128e-10
5.46465e-10
4.38173e-10
5.85931e-10
5.47756e-10
6.31595e-10
6.3789e-10
5.34545e-10
7.63009e-10
5.66816e-10
7.11328e-10
6.96404e-10
6.47351e-10
5.13709e-10
6.35602e-10
6.32974e-10
5.71927e-10
6.01263e-10
5.28105e-10
5.43811e-10
6.53581e-10
7.60777e-10
6.43126e-10
6.42961e-10
4.96676e-10
5.72484e-10
4.54999e-10
6.91577e-10
5.6879e-10
4.73437e-10
5.96912e-10
5.50986e-10
6.07116e-10
4.46184e-10
5.44458e-10
6.00814e-10
6.58086e-10
5.96116e-10
5.80002e-10
5.28523e-10
6.40752e-10
5.9923e-10
5.71859e-10
5.55202e-10
6.24231e-10
6.08332e-10
5.46009e-10
5.73767e-10
5.89187e-10
6.18665e-10
5.42078e-10
5.9132e-10
5.20874e-10
5.60125e-10
5.57835e-10
6.07175e-10
6.41399e-10
6.99599e-10
5.86495e-10
6.39438e-10
6.53673e-10
5.96461e-10
5.66966e-10
4.97397e-10
6.39995e-10
4.67981e-10
5.56671e-10
4.73898e-10
5.81364e-10
5.4781e-10
7.00953e-10
5.77906e-10
6.46259e-10
5.00238e-10
5.24777e-10
4.28603e-10
5.12967e-10
7.05434e-10
5.86928e-10
4.3025e-10
4.67813e-10
5.75671e-10
5.43794e-10
5.02312e-10
6.22583e-10
7.58907e-10
6.76102e-10
5.44424e-10
5.53176e-10
4.84122e-10
5.99514e-10
4.9884e-10
5.58813e-10
5.23599e-10
5.4501e-10
5.77409e-10
6.08278e-10
6.87127e-10
6.39184e-10
4.89784e-10
5.71571e-10
5.85362e-10
7.28871e-10
5.363e-10
6.64916e-10
5.9735e-10
6.71036e-10
5.4304e-10
4.85769e-10
6.91299e-10
5.51181e-10
6.34401e-10
5.56623e-10
6.05916e-10
5.68605e-10
6.87946e-10
6.269e-10
5.15188e-10
5.82015e-10
7.52057e-10
5.74103e-10
5.32252e-10
5.36675e-10
6.15624e-10
6.80495e-10
5.67323e-10
5.40737e-10
5.30543e-10
5.63681e-10
4.70797e-10
6.63127e-10
4.95388e-10
6.91426e-10
6.22387e-10
6.14861e-10
5.11785e-10
4.79772e-10
4.87443e-10
5.48762e-10
6.97545e-10
5.70188e-10
6.83578e-10
5.5888e-10
5.81633e-10
5.79656e-10
6.37633e-10
6.3766e-10
5.66648e-10
6.0526e-10
6.81158e-10
6.26504e-10
6.4009e-10
6.01952e-10
5.76475e-10
6.6358e-10
6.89164e-10
6.28587e-10
6.23162e-10
7.19842e-10
5.91921e-10
6.94522e-10
5.63659e-10
5.18234e-10
5.88485e-10
5.17149e-10
6.19756e-10
6.12664e-10
6.03185e-10
4.68935e-10
5.20946e-10
6.74109e-10
5.77719e-10
5.76702e-10
5.72569e-10
6.17352e-10
5.00959e-10
4.78943e-10
6.96617e-10
5.41878e-10
5.23091e-10
7.54003e-10
6.08879e-10
6.34212e-10
5.35514e-10
5.28274e-10
6.2634e-10
6.22656e-10
6.66719e-10
6.61272e-10
5.37225e-10
5.68442e-10
6.00866e-10
5.0843e-10
6.32471e-10
6.25689e-10
4.86274e-10
6.26723e-10
5.87029e-10
6.10254e-10
6.24854e-10
5.67321e-10
5.36272e-10
6.22154e-10
4.18776e-10
6.80906e-10
5.53544e-10
6.24315e-10
6.13864e-10
5.10734e-10
6.40395e-10
5.80389e-10
5.65636e-10
5.67153e-10
5.66592e-10
5.26385e-10
5.39671e-10
5.22522e-10
4.87133e-10
6.42254e-10
5.50316e-10
6.16379e-10
5.79218e-10
5.65207e-10
5.4932e-10
6.13389e-10
5.51929e-10
4.78204e-10
5.9337e-10
5.32538e-10
5.57488e-10
6.12251e-10
7.36534e-10
6.80527e-10
5.27207e-10
5.80667e-10
4.68554e-10
5.8278e-10
5.27275e-10
5.6244e-10
5.06982e-10
4.82862e-10
5.39798e-10
5.3772e-10
5.14902e-10
5.37698e-10
6.23113e-10
6.11144e-10
6.62602e-10
5.5684e-10
6.2686e-10
6.36613e-10
5.43756e-10
6.82455e-10
6.25474e-10
5.83574e-10
4.97248e-10
5.58642e-10
5.29225e-10
5.39437e-10
5.89175e-10
7.16757e-10
4.81791e-10
6.72283e-10
6.44302e-10
5.61834e-10
5.57157e-10
5.84646e-10
6.36718e-10
5.72327e-10
6.46627e-10
5.34724e-10
4.97115e-10
5.40447e-10
6.81932e-10
5.44565e-10
7.10016e-10
4.85907e-10
6.02276e-10
7.01035e-10
5.69642e-10
5.98048e-10
7.26573e-10
7.06151e-10
4.61975e-10
5.11927e-10
5.86529e-10
5.23271e-10
6.27064e-10
4.52575e-10
6.16338e-10
4.65812e-10
5.67629e-10
5.73339e-10
6.51713e-10
6.13568e-10
6.42315e-10
5.36257e-10
6.11326e-10
5.78028e-10
4.60197e-10
5.80095e-10
7.33757e-10
5.9987e-10
6.51041e-10
5.71319e-10
7.49852e-10
4.84824e-10
5.81744e-10
5.66344e-10
5.66453e-10
6.14438e-10
4.75227e-10
5.73574e-10
5.17153e-10
6.24544e-10
5.14664e-10
6.87829e-10
6.10575e-10
6.43848e-10
4.4907e-10
6.94501e-10
5.87414e-10
5.39921e-10
5.65714e-10
5.71107e-10
6.43676e-10
7.16578e-10
7.03831e-10
5.6494e-10
5.57112e-10
4.23822e-10
5.61598e-10
5.10829e-10
6.74465e-10
6.57435e-10
5.8869e-10
5.17266e-10
7.12538e-10
6.01267e-10
4.63012e-10
5.30155e-10
6.41351e-10
7.10209e-10
6.02419e-10
6.36047e-10
6.80269e-10
5.73419e-10
4.87071e-10
5.75511e-10
6.62452e-10
6.56376e-10
6.00563e-10
6.21542e-10
6.40948e-10
6.50319e-10
5.89971e-10
5.76251e-10
5.79905e-10
5.88683e-10
5.19507e-10
5.62192e-10
5.93871e-10
5.21998e-10
6.43654e-10
6.63616e-10
4.3338e-10
4.65119e-10
4.37639e-10
6.67407e-10
4.90577e-10
6.4628e-10
5.3086e-10
6.47115e-10
5.58964e-10
5.94251e-10
4.83776e-10
7.14856e-10
5.04562e-10
5.52924e-10
4.84842e-10
6.72765e-10
5.31499e-10
6.73526e-10
7.50205e-10
6.24977e-10
5.19501e-10
5.43517e-10
5.72122e-10
5.1129e-10
6.07797e-10
5.12028e-10
6.29057e-10
6.55676e-10
6.9564e-10
5.2377e-10
6.82322e-10
6.37025e-10
6.16234e-10
6.86344e-10
4.94716e-10
5.71763e-10
5.1611e-10
6.11491e-10
5.88506e-10
5.93123e-10
5.33281e-10
6.3837e-10
5.97546e-10
4.67587e-10
6.58374e-10
6.19399e-10
6.48839e-10
5.80875e-10
6.33367e-10
6.97212e-10
6.84773e-10
5.76053e-10
5.90263e-10
5.70686e-10
5.31214e-10
5.41282e-10
5.69435e-10
5.26275e-10
6.06436e-10
5.96752e-10
5.85833e-10
6.14594e-10
6.33514e-10
5.43578e-10
5.5451e-10
6.25256e-10
5.15085e-10
6.61216e-10
5.10308e-10
6.01816e-10
4.85571e-10
6.09267e-10
5.10256e-10
5.39635e-10
5.96938e-10
5.73825e-10
6.03241e-10
6.09745e-10
5.81013e-10
7.21042e-10
5.95822e-10
6.74839e-10
6.78164e-10
7.69153e-10
6.5094e-10
6.5435e-10
6.29672e-10
7.36854e-10
5.9991e-10
5.32298e-10
5.6707e-10
6.34607e-10
5.48185e-10
5.36603e-10
5.32242e-10
5.32167e-10
5.48873e-10
6.39945e-10
6.84397e-10
5.18416e-10
5.87247e-10
5.15867e-10
6.37261e-10
5.73805e-10
6.76988e-10
6.65749e-10
6.33538e-10
6.29045e-10
5.27705e-10
5.02009e-10
5.77268e-10
6.2056e-10
4.659e-10
5.9667e-10
5.56352e-10
6.61947e-10
4.67412e-10
6.69657e-10
6.75255e-10
6.05527e-10
6.04365e-10
6.40501e-10
6.15047e-10
4.72556e-10
5.73865e-10
5.8554e-10
5.12453e-10
7.02743e-10
6.41226e-10
6.67068e-10
4.62663e-10
5.37741e-10
4.64656e-10
7.00328e-10
6.56186e-10
5.27038e-10
4.06893e-10
6.54794e-10
5.38407e-10
5.69331e-10
6.32509e-10
6.91908e-10
5.42943e-10
6.23345e-10
5.98901e-10
6.26511e-10
4.8896e-10
5.54889e-10
5.33172e-10
7.92424e-10
5.71623e-10
7.55416e-10
6.47209e-10
5.43085e-10
5.26235e-10
4.76339e-10
6.18999e-10
5.94929e-10
6.5568e-10
7.66042e-10
7.36872e-10
5.84658e-10
6.60282e-10
4.95857e-10
6.98801e-10
5.87113e-10
4.58349e-10
5.12555e-10
6.78445e-10
5.26715e-10
8.51391e-10
6.40119e-10
6.15092e-10
5.83705e-10
6.31114e-10
6.24566e-10
5.3975e-10
6.58981e-10
5.81953e-10
6.11688e-10
5.87542e-10
5.30178e-10
6.1531e-10
6.82967e-10
5.99471e-10
6.44175e-10
7.34516e-10
6.10529e-10
7.02331e-10
5.40919e-10
5.8611e-10
6.48818e-10
6.12191e-10
6.80172e-10
5.32535e-10
5.32012e-10
7.41755e-10
5.37987e-10
5.41268e-10
6.47215e-10
5.23693e-10
6.86017e-10
6.15956e-10
6.62469e-10
5.27908e-10
5.11336e-10
5.73685e-10
5.20455e-10
6.46219e-10
6.01403e-10
5.96747e-10
5.94627e-10
5.88709e-10
5.40926e-10
5.96567e-10
6.28909e-10
6.29133e-10
7.14546e-10
4.9627e-10
6.57684e-10
4.94728e-10
6.42047e-10
5.08544e-10
5.27778e-10
6.99409e-10
5.55705e-10
5.8141e-10
5.91483e-10
5.34049e-10
6.55964e-10
5.94704e-10
7.02996e-10
5.27179e-10
5.5348e-10
5.44614e-10
5.27817e-10
5.63229e-10
6.25361e-10
4.6379e-10
5.96399e-10
5.98882e-10
4.68621e-10
6.19231e-10
6.92456e-10
5.77071e-10
5.30955e-10
5.0601e-10
5.73407e-10
6.68462e-10
6.14032e-10
6.65111e-10
5.68465e-10
6.37559e-10
5.93098e-10
5.84456e-10
5.8748e-10
5.72335e-10
6.55106e-10
5.68564e-10
5.81428e-10
5.61285e-10
6.8496e-10
5.18455e-10
5.33829e-10
6.79917e-10
6.24235e-10
6.16371e-10
6.13806e-10
7.55263e-10
5.61942e-10
5.41411e-10
7.73965e-10
5.56492e-10
5.72384e-10
6.29744e-10
4.65562e-10
5.44566e-10
7.50309e-10
5.67375e-10
4.48559e-10
4.82512e-10
6.31038e-10
5.85302e-10
5.40954e-10
5.61518e-10
7.49282e-10
6.41047e-10
6.01362e-10
5.97403e-10
5.55795e-10
6.79976e-10
5.7431e-10
5.63118e-10
6.79978e-10
5.97794e-10
4.53598e-10
6.74159e-10
5.24212e-10
6.57895e-10
5.67676e-10
5.59807e-10
5.16486e-10
5.51979e-10
6.92872e-10
6.12647e-10
4.50743e-10
5.48398e-10
7.2129e-10
6.44712e-10
6.42004e-10
5.52049e-10
5.41976e-10
6.67269e-10
6.26776e-10
6.32151e-10
5.2757e-10
5.51499e-10
5.78783e-10
6.00332e-10
6.06941e-10
5.41678e-10
5.48171e-10
5.96642e-10
5.61276e-10
5.9571e-10
6.1293e-10
5.31192e-10
4.99005e-10
6.4972e-10
5.94446e-10
4.49811e-10
5.53833e-10
6.31683e-10
6.45101e-10
4.82015e-10
5.40791e-10
4.41004e-10
5.65074e-10
5.59394e-10
5.64001e-10
4.30733e-10
6.87239e-10
5.82685e-10
5.88893e-10
5.99644e-10
5.68837e-10
5.09696e-10
6.31043e-10
4.81816e-10
6.16076e-10
6.68103e-10
5.83879e-10
5.79995e-10
5.4582e-10
6.73299e-10
4.81407e-10
6.20584e-10
4.83363e-10
6.43472e-10
5.18868e-10
5.23007e-10
4.93477e-10
4.59371e-10
5.34743e-10
6.83594e-10
5.02969e-10
6.20741e-10
5.61383e-10
5.85098e-10
6.55886e-10
6.36981e-10
6.55603e-10
5.65243e-10
6.10324e-10
6.3868e-10
5.48511e-10
5.56254e-10
5.491e-10
5.8498e-10
6.20684e-10
6.58957e-10
5.89301e-10
5.3979e-10
5.5818e-10
6.44002e-10
7.40096e-10
5.96815e-10
6.99113e-10
5.66845e-10
6.05405e-10
5.07755e-10
5.55604e-10
6.01879e-10
5.34333e-10
5.9642e-10
6.78558e-10
5.00994e-10
6.3821e-10
4.731e-10
4.91871e-10
5.86866e-10
5.57907e-10
4.78583e-10
7.51454e-10
5.54428e-10
5.12392e-10
6.08863e-10
5.67265e-10
5.96334e-10
5.67207e-10
6.88335e-10
5.72896e-10
5.93547e-10
6.45886e-10
6.58062e-10
6.10253e-10
4.83275e-10
6.28327e-10
5.88725e-10
4.88367e-10
6.55585e-10
5.1945e-10
5.37705e-10
6.21563e-10
5.63894e-10
4.68944e-10
5.1148e-10
4.27638e-10
6.40926e-10
5.30426e-10
5.67702e-10
5.772e-10
7.38509e-10
5.96343e-10
7.00491e-10
5.6227e-10
5.16551e-10
5.01201e-10
4.56316e-10
4.82785e-10
6.13838e-10
6.40443e-10
5.30733e-10
5.79107e-10
6.11454e-10
6.92291e-10
6.26825e-10
6.20476e-10
5.68566e-10
6.40249e-10
5.5551e-10
4.906e-10
6.68469e-10
5.54063e-10
6.43693e-10
5.6764e-10
6.06957e-10
5.4863e-10
5.36725e-10
6.29268e-10
5.40331e-10
5.73658e-10
5.49746e-10
5.29614e-10
6.05753e-10
6.1008e-10
5.76793e-10
5.47935e-10
6.35073e-10
5.34911e-10
5.98186e-10
6.57601e-10
5.40118e-10
5.56106e-10
5.15479e-10
5.91784e-10
5.63733e-10
5.98425e-10
7.84091e-10
5.11719e-10
6.25245e-10
6.31873e-10
4.72663e-10
5.62988e-10
5.56066e-10
6.24158e-10
5.59141e-10
6.60979e-10
6.34156e-10
5.01894e-10
6.25191e-10
6.27093e-10
5.93323e-10
7.12502e-10
4.98473e-10
5.36233e-10
6.77327e-10
6.21824e-10
5.18839e-10
6.04655e-10
6.78769e-10
6.49878e-10
6.12268e-10
6.98402e-10
6.32947e-10
6.30173e-10
6.91783e-10
6.56648e-10
6.55376e-10
5.91226e-10
7.18753e-10
6.23848e-10
6.14055e-10
5.35973e-10
5.80467e-10
4.843e-10
6.75532e-10
6.31621e-10
5.65097e-10
4.30868e-10
5.77392e-10
5.68151e-10
5.60352e-10
6.04708e-10
5.86836e-10
6.8878e-10
6.497e-10
5.02139e-10
5.54836e-10
5.96497e-10
4.54359e-10
6.38204e-10
5.4405e-10
5.52349e-10
6.5279e-10
6.6968e-10
5.0331e-10
6.13072e-10
5.8391e-10
5.0585e-10
6.22284e-10
5.96055e-10
7.21449e-10
5.75915e-10
5.65911e-10
6.64368e-10
6.78034e-10
6.66493e-10
6.5595e-10
6.70329e-10
6.08038e-10
6.0934e-10
5.60064e-10
6.98346e-10
5.01562e-10
7.06268e-10
4.95172e-10
5.99098e-10
5.03216e-10
6.21556e-10
5.6932e-10
6.38203e-10
7.16933e-10
5.87327e-10
5.99296e-10
4.68122e-10
5.50165e-10
5.42998e-10
6.03217e-10
4.92789e-10
6.95028e-10
5.05131e-10
4.97673e-10
6.72254e-10
5.75163e-10
5.03752e-10
5.14597e-10
5.27122e-10
5.39217e-10
4.44086e-10
5.38127e-10
4.66973e-10
6.12934e-10
5.07171e-10
4.63224e-10
5.61662e-10
5.24782e-10
7.05844e-10
6.42237e-10
5.43834e-10
5.81509e-10
6.55167e-10
5.26911e-10
6.51322e-10
5.81815e-10
6.56836e-10
6.52954e-10
4.01031e-10
7.47622e-10
6.6521e-10
5.97186e-10
4.78651e-10
5.5233e-10
5.12867e-10
5.82287e-10
5.41471e-10
5.8929e-10
5.53814e-10
5.57883e-10
6.15763e-10
5.26017e-10
5.84139e-10
6.23238e-10
5.00953e-10
6.91471e-10
5.67222e-10
5.32152e-10
6.2248e-10
5.91592e-10
4.822e-10
6.6289e-10
6.72372e-10
5.2376e-10
6.38383e-10
6.1769e-10
6.46268e-10
6.25777e-10
5.35709e-10
6.35495e-10
7.02877e-10
4.68088e-10
5.99092e-10
4.96478e-10
4.40426e-10
5.56473e-10
4.7782e-10
5.13817e-10
5.89725e-10
6.48011e-10
7.05821e-10
5.59208e-10
6.87205e-10
5.65934e-10
6.18078e-10
6.51712e-10
5.29188e-10
5.63163e-10
5.29796e-10
5.63093e-10
5.02807e-10
7.45489e-10
6.12765e-10
6.91063e-10
6.96882e-10
5.69849e-10
5.54864e-10
4.9864e-10
7.13716e-10
6.71923e-10
5.25867e-10
6.77871e-10
4.83545e-10
5.71197e-10
5.15609e-10
5.26169e-10
6.86812e-10
4.63625e-10
5.58263e-10
7.19709e-10
6.09117e-10
5.44163e-10
6.0298e-10
5.94206e-10
5.57854e-10
6.67777e-10
5.64841e-10
5.56487e-10
5.44754e-10
7.44789e-10
6.3571e-10
6.49885e-10
7.05111e-10
5.70298e-10
5.45571e-10
6.2003e-10
5.78412e-10
5.45193e-10
5.27708e-10
5.32649e-10
8.20219e-10
6.62797e-10
6.00257e-10
5.63445e-10
5.08334e-10
5.34079e-10
6.14534e-10
5.69225e-10
5.32023e-10
5.13011e-10
5.61158e-10
6.63243e-10
4.81267e-10
5.42832e-10
6.97918e-10
5.35801e-10
6.66787e-10
5.85469e-10
5.59328e-10
5.1855e-10
6.32998e-10
6.22606e-10
4.2099e-10
7.20839e-10
6.28909e-10
5.01478e-10
5.9208e-10
5.90535e-10
5.1204e-10
5.52313e-10
5.63748e-10
5.52923e-10
5.62161e-10
5.73157e-10
6.90858e-10
5.66456e-10
5.16026e-10
6.47825e-10
6.69092e-10
6.14389e-10
6.55756e-10
5.59331e-10
6.24196e-10
6.48436e-10
6.78953e-10
5.03759e-10
5.28721e-10
5.35071e-10
4.83027e-10
5.96474e-10
5.63982e-10
6.29074e-10
5.91525e-10
5.70845e-10
6.00778e-10
6.66714e-10
6.10651e-10
6.1401e-10
5.98471e-10
5.85676e-10
6.22895e-10
4.69205e-10
5.02762e-10
6.22752e-10
5.87453e-10
4.97247e-10
7.52401e-10
5.38105e-10
4.87007e-10
6.08e-10
5.10157e-10
5.77042e-10
7.86132e-10
4.41931e-10
7.0587e-10
5.69479e-10
5.51167e-10
6.86513e-10
5.90271e-10
6.4261e-10
6.55245e-10
5.97815e-10
6.17757e-10
5.57371e-10
5.4189e-10
6.02539e-10
5.84439e-10
4.52448e-10
6.11828e-10
7.12812e-10
6.38709e-10
5.63192e-10
6.00806e-10
6.67568e-10
5.94344e-10
6.81636e-10
6.3784e-10
5.71283e-10
5.51201e-10
5.59515e-10
4.98017e-10
5.3056e-10
5.36848e-10
6.30708e-10
6.43786e-10
5.96495e-10
6.15372e-10
6.46183e-10
5.29062e-10
6.04655e-10
4.24632e-10
6.21119e-10
5.43239e-10
6.59149e-10
7.93761e-10
5.62158e-10
5.25184e-10
5.24994e-10
5.00754e-10
5.74201e-10
7.07518e-10
6.61343e-10
5.83842e-10
5.64128e-10
6.16658e-10
5.96625e-10
5.33336e-10
5.74234e-10
6.59929e-10
5.02234e-10
5.34929e-10
5.01039e-10
5.2445e-10
5.74207e-10
6.20758e-10
6.36784e-10
4.22501e-10
5.34417e-10
4.38806e-10
5.82487e-10
6.10663e-10
5.45636e-10
5.914e-10
6.5994e-10
6.32059e-10
7.41299e-10
5.52311e-10
6.02305e-10
4.13807e-10
5.6642e-10
5.62254e-10
5.70848e-10
6.0692e-10
7.63976e-10
8.49852e-10
5.8308e-10
5.37544e-10
4.26688e-10
6.42735e-10
7.10875e-10
6.13871e-10
6.01033e-10
4.27194e-10
5.53149e-10
5.66388e-10
6.57215e-10
6.46448e-10
6.1258e-10
5.49239e-10
5.47792e-10
5.192e-10
6.72377e-10
6.62308e-10
7.06623e-10
6.66924e-10
5.28512e-10
6.99153e-10
5.51923e-10
4.60944e-10
6.04047e-10
7.34993e-10
6.04703e-10
5.59042e-10
5.65748e-10
6.74144e-10
5.55409e-10
5.80117e-10
5.80747e-10
6.17318e-10
7.77352e-10
6.72078e-10
6.09114e-10
6.98428e-10
5.70117e-10
6.12169e-10
6.03509e-10
6.03825e-10
4.46208e-10
5.77611e-10
5.39143e-10
6.59064e-10
5.85596e-10
5.61495e-10
7.14659e-10
5.56363e-10
6.03805e-10
5.9096e-10
4.59429e-10
5.87362e-10
5.63645e-10
5.68579e-10
5.28949e-10
4.80068e-10
7.04872e-10
6.42116e-10
6.09921e-10
5.64669e-10
5.70057e-10
5.27297e-10
5.47401e-10
5.10466e-10
5.25363e-10
7.05468e-10
5.71335e-10
7.86954e-10
5.38874e-10
6.06075e-10
5.92826e-10
6.75573e-10
5.21136e-10
6.18786e-10
6.09691e-10
6.36366e-10
7.54472e-10
5.61273e-10
6.23893e-10
5.32412e-10
6.14145e-10
6.4001e-10
6.13365e-10
6.75196e-10
5.68215e-10
5.00184e-10
6.42144e-10
5.34456e-10
5.95998e-10
5.56124e-10
6.16728e-10
5.46265e-10
6.51845e-10
5.90657e-10
6.75204e-10
5.31939e-10
5.87529e-10
5.25061e-10
5.48327e-10
5.27406e-10
6.15194e-10
4.90571e-10
5.97079e-10
5.35248e-10
4.68095e-10
4.75614e-10
6.94682e-10
5.0134e-10
5.76995e-10
4.86678e-10
6.33387e-10
4.50233e-10
6.4537e-10
6.37355e-10
5.60931e-10
5.55115e-10
6.10074e-10
5.95998e-10
5.74851e-10
6.11852e-10
5.31523e-10
5.55184e-10
6.13347e-10
6.05999e-10
5.21618e-10
5.81793e-10
5.64832e-10
5.64085e-10
6.2425e-10
5.03059e-10
6.26889e-10
6.10439e-10
6.30764e-10
6.35678e-10
7.39069e-10
5.75462e-10
6.25443e-10
4.67681e-10
5.90098e-10
6.36025e-10
5.18909e-10
6.3358e-10
5.86786e-10
5.33798e-10
5.27937e-10
5.39948e-10
4.95651e-10
6.05902e-10
5.2493e-10
5.75792e-10
5.8792e-10
5.77701e-10
6.64872e-10
6.26392e-10
6.45969e-10
6.65653e-10
4.99153e-10
6.17123e-10
5.30634e-10
6.98095e-10
5.77461e-10
6.39127e-10
6.25156e-10
6.2036e-10
5.32572e-10
5.45412e-10
4.89389e-10
5.27895e-10
4.49521e-10
5.4099e-10
5.77737e-10
4.71099e-10
7.29275e-10
6.10492e-10
5.41677e-10
5.54352e-10
6.40856e-10
5.013e-10
5.49079e-10
6.20218e-10
5.68652e-10
5.20793e-10
6.34088e-10
5.02219e-10
7.5358e-10
4.78526e-10
6.99051e-10
5.47534e-10
6.49101e-10
5.63127e-10
5.58982e-10
6.27835e-10
6.54098e-10
6.48251e-10
5.59536e-10
4.68734e-10
6.28464e-10
6.35747e-10
6.23324e-10
4.56767e-10
5.48289e-10
5.00688e-10
6.17567e-10
5.64678e-10
6.73644e-10
5.85447e-10
6.51405e-10
6.62333e-10
5.04158e-10
6.32679e-10
6.24399e-10
6.5755e-10
5.18263e-10
5.39413e-10
4.99515e-10
5.75179e-10
6.19918e-10
6.83668e-10
6.43965e-10
5.95067e-10
5.97254e-10
6.90274e-10
5.74795e-10
6.70718e-10
5.37052e-10
5.71513e-10
5.19833e-10
5.6821e-10
5.82523e-10
5.73235e-10
6.57946e-10
6.30742e-10
5.56908e-10
6.6623e-10
6.15725e-10
6.35505e-10
5.15308e-10
6.09785e-10
5.17311e-10
5.62317e-10
6.45094e-10
6.54767e-10
6.28714e-10
6.46882e-10
4.08504e-10
5.45576e-10
5.80541e-10
5.38434e-10
5.51706e-10
4.52991e-10
5.2369e-10
7.06396e-10
5.07439e-10
5.0619e-10
7.83873e-10
5.87053e-10
6.3212e-10
5.60872e-10
4.96595e-10
5.87598e-10
5.4554e-10
5.63091e-10
7.38123e-10
5.18998e-10
5.3585e-10
4.74117e-10
5.53744e-10
4.77762e-10
5.19373e-10
6.17562e-10
6.65149e-10
6.88996e-10
5.77841e-10
6.803e-10
5.63528e-10
5.57859e-10
6.26361e-10
6.1497e-10
6.53171e-10
5.26203e-10
5.59101e-10
5.44175e-10
5.55286e-10
5.26177e-10
6.15484e-10
5.03066e-10
5.3552e-10
6.11314e-10
6.24965e-10
6.42933e-10
6.37498e-10
5.99859e-10
6.26928e-10
6.65566e-10
5.7708e-10
5.89768e-10
6.85148e-10
6.19958e-10
5.92436e-10
4.58747e-10
5.32067e-10
6.03106e-10
4.69916e-10
6.06601e-10
6.67283e-10
4.9195e-10
6.52866e-10
7.17648e-10
5.45274e-10
6.35725e-10
5.89201e-10
6.01107e-10
6.35582e-10
6.29799e-10
5.54598e-10
6.78126e-10
6.06686e-10
6.13107e-10
5.68021e-10
4.97963e-10
4.61823e-10
6.76017e-10
5.17074e-10
5.49135e-10
5.22588e-10
4.98878e-10
5.08023e-10
5.67722e-10
6.22608e-10
5.59255e-10
5.42975e-10
7.0514e-10
5.17866e-10
6.53561e-10
5.47781e-10
6.31419e-10
5.47736e-10
6.23261e-10
6.06286e-10
5.44593e-10
5.48489e-10
5.2581e-10
4.79255e-10
5.5857e-10
6.32411e-10
7.48203e-10
6.00547e-10
5.39346e-10
4.51548e-10
5.61031e-10
6.2453e-10
6.43145e-10
6.2108e-10
5.05401e-10
5.04291e-10
7.51763e-10
7.07571e-10
7.1458e-10
5.32592e-10
5.22919e-10
5.32421e-10
5.87487e-10
5.7904e-10
5.7209e-10
6.19517e-10
4.9644e-10
5.80123e-10
5.71384e-10
6.59754e-10
6.59293e-10
6.86754e-10
6.10934e-10
6.44994e-10
5.76971e-10
6.60157e-10
5.70295e-10
5.66826e-10
6.24658e-10
5.70267e-10
5.74772e-10
7.39322e-10
6.90078e-10
5.51442e-10
5.46577e-10
6.72018e-10
5.60004e-10
6.14318e-10
5.90942e-10
7.179e-10
5.55546e-10
5.25352e-10
5.29608e-10
5.50149e-10
4.80965e-10
5.67363e-10
4.768e-10
5.92097e-10
5.30877e-10
5.58819e-10
6.013e-10
6.0056e-10
5.66677e-10
6.73524e-10
5.77109e-10
5.41833e-10
5.94143e-10
5.40702e-10
6.67497e-10
4.7165e-10
5.74582e-10
5.5264e-10
6.36965e-10
6.27948e-10
5.02129e-10
5.96858e-10
4.4924e-10
6.32795e-10
4.74454e-10
5.86745e-10
6.77109e-10
6.83878e-10
5.68522e-10
5.68877e-10
6.88304e-10
4.54617e-10
7.19796e-10
5.99009e-10
6.06443e-10
6.9838e-10
5.00313e-10
7.27612e-10
6.7987e-10
5.64533e-10
4.78408e-10
5.79647e-10
6.11815e-10
5.3631e-10
6.27136e-10
5.96958e-10
6.04439e-10
6.99492e-10
6.29569e-10
4.75322e-10
6.92983e-10
6.53384e-10
6.56099e-10
5.34878e-10
5.60975e-10
5.37151e-10
5.55202e-10
6.24748e-10
6.58394e-10
6.02538e-10
5.14597e-10
5.69651e-10
5.98853e-10
5.90248e-10
5.08655e-10
4.46115e-10
4.92223e-10
4.46501e-10
6.21515e-10
5.80586e-10
5.89179e-10
5.99049e-10
5.57248e-10
4.77721e-10
6.43084e-10
6.28411e-10
5.28358e-10
5.09044e-10
6.60169e-10
5.25756e-10
4.99589e-10
6.83e-10
5.29159e-10
5.55486e-10
5.50312e-10
5.2777e-10
5.45343e-10
6.09382e-10
5.12176e-10
5.87608e-10
6.00956e-10
5.38472e-10
5.13414e-10
5.60757e-10
6.07386e-10
5.55066e-10
4.82923e-10
6.61263e-10
6.00642e-10
6.08957e-10
6.45505e-10
6.17389e-10
5.13262e-10
5.26256e-10
6.16484e-10
5.26745e-10
5.60151e-10
6.76334e-10
5.96438e-10
5.73959e-10
5.67634e-10
5.32267e-10
5.49383e-10
5.6904e-10
5.18701e-10
5.54135e-10
6.15884e-10
6.06902e-10
6.3318e-10
5.29533e-10
6.69534e-10
7.81226e-10
6.33592e-10
5.01246e-10
5.3573e-10
5.12979e-10
5.6238e-10
4.81981e-10
4.98241e-10
6.05263e-10
5.37076e-10
5.88276e-10
5.32104e-10
4.75217e-10
6.7679e-10
5.15754e-10
6.41388e-10
4.68294e-10
5.69528e-10
7.05791e-10
5.9067e-10
7.27549e-10
6.16401e-10
5.13591e-10
5.92804e-10
6.35396e-10
6.18584e-10
5.36219e-10
5.58886e-10
6.20438e-10
5.08349e-10
6.2973e-10
6.15015e-10
4.66063e-10
5.41957e-10
6.61383e-10
4.31508e-10
6.73536e-10
6.24583e-10
6.39631e-10
4.47509e-10
6.23446e-10
6.72139e-10
6.46703e-10
5.50993e-10
7.01919e-10
6.48299e-10
5.54835e-10
8.08645e-10
5.47366e-10
5.88581e-10
6.5647e-10
5.83045e-10
5.09561e-10
5.89708e-10
6.21528e-10
6.15044e-10
6.43873e-10
6.37943e-10
6.28956e-10
5.48636e-10
4.61304e-10
7.11363e-10
6.16935e-10
6.81883e-10
5.51429e-10
5.46305e-10
5.67347e-10
7.14173e-10
6.02975e-10
7.45752e-10
4.42713e-10
5.31425e-10
6.64353e-10
5.7092e-10
5.0038e-10
6.43128e-10
5.83818e-10
5.71987e-10
5.15374e-10
5.29111e-10
6.04325e-10
5.43753e-10
5.80779e-10
6.33405e-10
5.04919e-10
5.04417e-10
5.8946e-10
4.31184e-10
5.644e-10
5.05382e-10
5.83654e-10
6.11459e-10
5.8629e-10
5.72035e-10
5.99411e-10
5.248e-10
6.89859e-10
6.87104e-10
4.62695e-10
5.36687e-10
5.2849e-10
6.63919e-10
6.42092e-10
6.49529e-10
5.54811e-10
5.27676e-10
5.89349e-10
4.94678e-10
6.22421e-10
6.03991e-10
6.99982e-10
6.4311e-10
5.65415e-10
5.34841e-10
5.49537e-10
6.32328e-10
6.66899e-10
4.99718e-10
5.6749e-10
7.52533e-10
6.81673e-10
5.34337e-10
6.5645e-10
5.63568e-10
5.38294e-10
6.18974e-10
5.30681e-10
6.43647e-10
5.21441e-10
5.27876e-10
7.05959e-10
4.558e-10
6.73237e-10
6.12679e-10
7.15247e-10
5.69337e-10
5.09448e-10
5.3184e-10
5.74998e-10
6.81655e-10
5.77529e-10
6.28587e-10
5.68174e-10
4.89182e-10
4.73672e-10
5.04264e-10
6.01331e-10
7.32568e-10
5.69734e-10
5.80789e-10
6.43737e-10
5.89528e-10
5.41452e-10
4.9733e-10
4.73136e-10
4.8823e-10
6.42487e-10
5.78206e-10
5.92744e-10
6.66761e-10
5.86354e-10
5.51964e-10
5.3236e-10
5.78959e-10
6.04327e-10
5.77335e-10
6.09782e-10
5.88239e-10
4.86955e-10
5.87589e-10
6.61269e-10
7.25781e-10
5.88114e-10
6.35324e-10
6.94116e-10
6.15544e-10
4.88819e-10
6.78078e-10
6.13361e-10
6.18965e-10
5.59539e-10
5.64012e-10
5.32123e-10
5.32477e-10
6.35026e-10
5.57795e-10
7.11852e-10
6.07011e-10
6.25336e-10
6.62229e-10
6.19159e-10
5.77882e-10
5.1988e-10
4.45549e-10
4.96685e-10
4.90123e-10
6.38016e-10
5.71311e-10
4.88422e-10
6.1897e-10
5.28994e-10
6.01352e-10
5.23995e-10
5.94079e-10
7.08397e-10
5.6157e-10
6.39571e-10
5.71771e-10
5.37464e-10
6.4115e-10
6.55109e-10
5.61293e-10
6.48642e-10
5.02905e-10
5.37562e-10
5.87199e-10
5.75371e-10
6.28671e-10
5.51183e-10
6.32301e-10
6.61411e-10
6.89311e-10
7.28836e-10
6.07971e-10
6.38251e-10
5.84493e-10
5.73677e-10
6.54173e-10
6.49587e-10
6.73677e-10
5.35043e-10
4.72055e-10
5.30045e-10
5.47291e-10
4.93285e-10
7.37446e-10
6.86089e-10
5.27325e-10
7.27339e-10
5.33961e-10
5.81316e-10
5.6561e-10
5.46196e-10
5.76491e-10
5.58752e-10
6.07816e-10
5.76417e-10
5.78623e-10
4.93922e-10
6.96982e-10
5.72197e-10
6.81393e-10
6.91251e-10
6.13695e-10
4.96602e-10
4.47037e-10
6.7593e-10
5.96742e-10
6.40913e-10
4.80904e-10
5.49832e-10
5.36193e-10
5.8807e-10
5.87433e-10
5.56453e-10
7.35092e-10
4.64075e-10
5.40657e-10
5.26928e-10
4.98564e-10
5.72803e-10
5.47985e-10
4.39384e-10
5.52784e-10
5.77858e-10
5.73553e-10
6.00824e-10
6.04751e-10
6.14052e-10
6.2179e-10
6.96187e-10
6.7653e-10
6.04655e-10
6.50731e-10
5.7371e-10
5.84236e-10
5.4892e-10
5.44555e-10
5.62557e-10
4.25623e-10
5.61039e-10
5.18813e-10
6.28514e-10
6.02298e-10
7.20934e-10
5.47929e-10
5.02619e-10
5.84098e-10
6.28323e-10
6.31842e-10
5.58924e-10
5.53571e-10
6.96878e-10
6.93632e-10
5.60564e-10
5.69082e-10
7.5944e-10
5.13107e-10
6.73389e-10
5.40795e-10
6.66347e-10
5.3322e-10
6.34346e-10
6.00624e-10
4.78287e-10
6.66559e-10
6.5761e-10
6.1703e-10
6.2767e-10
6.76774e-10
6.05298e-10
5.85677e-10
5.92941e-10
6.41964e-10
5.42074e-10
5.42963e-10
6.3945e-10
6.50634e-10
5.98289e-10
5.34142e-10
7.15475e-10
7.00739e-10
5.54024e-10
5.84911e-10
6.1549e-10
5.22519e-10
5.93098e-10
5.88466e-10
6.79975e-10
6.13276e-10
4.73518e-10
5.72873e-10
5.94979e-10
5.74183e-10
6.02008e-10
5.53229e-10
6.24025e-10
6.40067e-10
6.09212e-10
6.9773e-10
5.89153e-10
6.92841e-10
6.29154e-10
6.06529e-10
6.49e-10
4.2347e-10
5.43344e-10
6.07471e-10
5.91988e-10
5.8293e-10
5.40868e-10
5.39075e-10
5.3542e-10
5.62653e-10
5.88104e-10
4.5065e-10
5.28108e-10
6.95612e-10
5.16245e-10
7.13071e-10
5.64149e-10
4.43061e-10
6.20635e-10
6.55562e-10
5.10046e-10
5.5599e-10
7.31533e-10
7.16807e-10
4.39575e-10
6.48818e-10
6.7598e-10
4.91003e-10
8.20843e-10
5.23494e-10
6.65936e-10
5.55333e-10
5.45265e-10
6.5372e-10
5.81066e-10
6.9881e-10
5.84275e-10
6.1206e-10
6.56971e-10
5.736e-10
4.36266e-10
5.81259e-10
5.85766e-10
7.49118e-10
4.53176e-10
6.40649e-10
6.7861e-10
6.01409e-10
6.91848e-10
5.53777e-10
6.91041e-10
6.14229e-10
6.4083e-10
6.48872e-10
6.09537e-10
5.99235e-10
5.42941e-10
5.60704e-10
6.752e-10
5.97058e-10
5.62574e-10
5.61255e-10
5.69216e-10
4.55969e-10
5.72519e-10
6.27247e-10
7.74816e-10
4.09865e-10
6.77134e-10
4.87202e-10
5.49755e-10
5.14203e-10
6.34232e-10
5.70497e-10
6.29288e-10
6.01676e-10
5.41316e-10
6.35742e-10
5.7209e-10
5.98505e-10
5.45971e-10
5.32848e-10
6.10221e-10
6.06137e-10
5.23615e-10
4.86971e-10
6.40504e-10
5.42954e-10
6.04108e-10
6.35126e-10
5.98411e-10
5.37298e-10
5.33095e-10
5.41552e-10
5.83137e-10
6.97691e-10
5.59624e-10
5.41535e-10
6.96279e-10
4.79212e-10
5.89527e-10
5.49805e-10
5.77708e-10
5.77981e-10
6.23192e-10
6.63284e-10
5.746e-10
5.52992e-10
6.52659e-10
5.65419e-10
5.12279e-10
5.11832e-10
5.26566e-10
6.75949e-10
5.64728e-10
5.24693e-10
5.11175e-10
5.09713e-10
6.46311e-10
7.14875e-10
5.77552e-10
5.52489e-10
5.42963e-10
5.69477e-10
5.45495e-10
5.77819e-10
5.93159e-10
6.21828e-10
6.21551e-10
5.5775e-10
7.9313e-10
5.43826e-10
6.06987e-10
6.31025e-10
5.78185e-10
4.79428e-10
6.7561e-10
5.6693e-10
5.76816e-10
6.52762e-10
5.54346e-10
5.02492e-10
4.8243e-10
6.36249e-10
5.78625e-10
5.50169e-10
7.09096e-10
6.07741e-10
6.02824e-10
5.40705e-10
6.11163e-10
5.31807e-10
5.48421e-10
6.86526e-10
5.08992e-10
5.94402e-10
7.36171e-10
6.1491e-10
5.83446e-10
4.79653e-10
4.81489e-10
6.50664e-10
5.18077e-10
6.2269e-10
5.69374e-10
5.98921e-10
6.84697e-10
5.66166e-10
5.27616e-10
6.07993e-10
5.50667e-10
6.47607e-10
4.83076e-10
6.96537e-10
4.68835e-10
6.37319e-10
6.40729e-10
6.84585e-10
6.18686e-10
6.35148e-10
5.77861e-10
4.93729e-10
5.52836e-10
5.72489e-10
4.60222e-10
5.54579e-10
5.23364e-10
6.62468e-10
5.63414e-10
5.62582e-10
5.1515e-10
6.41919e-10
6.41648e-10
5.22869e-10
5.18032e-10
6.25786e-10
6.09226e-10
5.42066e-10
5.52478e-10
5.65482e-10
5.94708e-10
5.83959e-10
5.73318e-10
5.53876e-10
5.66318e-10
5.82256e-10
6.23175e-10
7.1614e-10
5.73821e-10
4.88313e-10
5.94192e-10
6.32586e-10
5.16606e-10
4.63051e-10
5.95963e-10
5.62888e-10
6.7494e-10
4.51444e-10
5.39343e-10
7.18306e-10
5.64179e-10
4.22248e-10
5.72936e-10
6.86176e-10
5.6092e-10
6.06494e-10
6.81539e-10
5.68279e-10
5.03999e-10
6.50224e-10
5.71346e-10
5.49209e-10
5.67543e-10
5.2918e-10
6.83778e-10
7.02367e-10
5.29165e-10
6.7744e-10
6.47959e-10
6.19034e-10
6.57476e-10
5.03477e-10
5.80152e-10
5.76181e-10
6.20031e-10
4.67186e-10
5.26028e-10
7.44181e-10
6.72236e-10
5.73089e-10
5.55633e-10
5.99952e-10
6.62195e-10
4.903e-10
5.35111e-10
6.09553e-10
5.54501e-10
5.80922e-10
5.06493e-10
5.51391e-10
6.7329e-10
4.87669e-10
7.33113e-10
4.69307e-10
6.72907e-10
4.83445e-10
5.77497e-10
6.35416e-10
5.77252e-10
5.86044e-10
8.27643e-10
6.28581e-10
5.6649e-10
5.7744e-10
5.63038e-10
5.19944e-10
4.97001e-10
6.03398e-10
6.40755e-10
6.12767e-10
4.51296e-10
4.51984e-10
5.8631e-10
5.90003e-10
5.6337e-10
5.36507e-10
5.5378e-10
6.39063e-10
5.56879e-10
5.1716e-10
5.11788e-10
5.44826e-10
5.90912e-10
6.60777e-10
4.95452e-10
6.32038e-10
5.94925e-10
5.1972e-10
5.17297e-10
5.26767e-10
5.09835e-10
5.27349e-10
6.13541e-10
6.86952e-10
7.09451e-10
5.26798e-10
5.0615e-10
5.49725e-10
5.96792e-10
5.25307e-10
5.78263e-10
5.99219e-10
6.577e-10
7.22352e-10
6.82888e-10
5.09115e-10
5.15189e-10
4.5039e-10
5.86514e-10
6.7079e-10
5.01156e-10
4.38531e-10
4.6827e-10
4.93445e-10
5.65686e-10
5.34792e-10
5.09215e-10
6.85409e-10
5.09336e-10
5.93333e-10
6.3811e-10
6.81124e-10
4.5293e-10
5.3197e-10
6.37031e-10
6.07233e-10
6.74992e-10
4.98221e-10
5.5635e-10
4.18725e-10
6.64073e-10
6.20548e-10
5.79922e-10
6.25389e-10
6.01804e-10
6.63071e-10
5.1704e-10
6.19163e-10
4.63118e-10
6.71521e-10
6.38811e-10
6.13993e-10
5.13885e-10
7.04518e-10
4.88352e-10
5.16013e-10
6.00285e-10
5.94349e-10
7.0568e-10
7.31007e-10
6.0636e-10
5.68125e-10
4.55528e-10
5.93722e-10
5.3108e-10
6.0279e-10
6.08419e-10
5.83002e-10
6.62683e-10
5.33282e-10
6.57528e-10
5.31409e-10
7.47441e-10
6.75659e-10
4.85392e-10
6.7895e-10
6.89095e-10
5.15878e-10
5.99402e-10
4.92922e-10
5.88239e-10
6.45924e-10
4.71386e-10
5.13891e-10
5.26909e-10
5.4226e-10
6.23519e-10
4.97928e-10
6.01739e-10
5.62744e-10
6.03159e-10
5.68866e-10
5.87222e-10
5.88055e-10
5.7697e-10
5.17228e-10
6.62534e-10
5.41369e-10
4.41272e-10
6.09934e-10
5.77685e-10
5.98363e-10
5.99752e-10
5.99406e-10
5.61523e-10
5.85218e-10
5.51546e-10
5.65443e-10
7.58316e-10
7.17822e-10
6.08768e-10
6.50741e-10
5.095e-10
5.80598e-10
5.83354e-10
6.55839e-10
7.29159e-10
6.43472e-10
6.78733e-10
4.9172e-10
6.35074e-10
5.72759e-10
5.18083e-10
5.76086e-10
6.48655e-10
7.42664e-10
5.65732e-10
4.92462e-10
6.46296e-10
5.2153e-10
7.19798e-10
5.32056e-10
4.83878e-10
5.27117e-10
6.6888e-10
5.67146e-10
7.3714e-10
5.75437e-10
5.54231e-10
6.05418e-10
5.90996e-10
5.5379e-10
5.2557e-10
6.81576e-10
6.09586e-10
5.36684e-10
6.04604e-10
5.49257e-10
5.16348e-10
5.57624e-10
5.85482e-10
5.63415e-10
5.08691e-10
6.29304e-10
5.30193e-10
5.84529e-10
7.32126e-10
5.64496e-10
7.61859e-10
5.62611e-10
6.71085e-10
5.99972e-10
5.43124e-10
6.13047e-10
6.43826e-10
4.78896e-10
5.63283e-10
6.9037e-10
6.39065e-10
4.9654e-10
6.42407e-10
5.83441e-10
5.31995e-10
6.23984e-10
6.11674e-10
6.32512e-10
7.06124e-10
6.68277e-10
6.043e-10
6.50225e-10
6.70421e-10
6.21755e-10
7.1983e-10
5.24781e-10
6.69983e-10
4.74137e-10
5.3549e-10
6.42804e-10
5.58661e-10
5.9596e-10
7.33104e-10
5.73038e-10
4.83317e-10
5.62256e-10
7.94402e-10
4.56068e-10
5.28995e-10
5.34875e-10
6.84652e-10
6.53519e-10
5.06976e-10
6.4058e-10
6.8294e-10
5.79727e-10
5.02888e-10
5.89865e-10
4.8102e-10
5.54704e-10
4.92457e-10
4.78056e-10
6.62483e-10
6.09995e-10
5.70722e-10
6.84888e-10
5.88801e-10
5.56505e-10
6.05471e-10
6.32711e-10
5.97448e-10
6.2287e-10
5.83567e-10
4.38718e-10
6.52005e-10
4.9838e-10
3.84925e-10
5.97764e-10
6.34834e-10
5.03259e-10
6.19315e-10
6.07499e-10
5.96446e-10
6.56285e-10
5.32356e-10
5.44554e-10
5.91678e-10
6.0575e-10
5.87324e-10
6.16312e-10
5.74935e-10
4.95899e-10
6.99786e-10
6.00563e-10
5.00175e-10
5.2342e-10
6.02913e-10
6.64953e-10
5.84043e-10
5.35582e-10
6.11884e-10
5.12831e-10
5.79304e-10
4.9139e-10
5.71989e-10
5.81274e-10
5.69985e-10
5.36545e-10
6.61047e-10
5.5189e-10
7.00376e-10
6.51307e-10
6.46918e-10
6.6847e-10
5.24564e-10
6.73525e-10
6.72833e-10
6.89941e-10
5.88032e-10
5.86284e-10
4.77595e-10
6.31841e-10
5.66145e-10
7.06563e-10
7.41234e-10
6.43629e-10
6.41531e-10
6.5823e-10
5.46806e-10
5.63448e-10
5.79991e-10
5.81681e-10
6.43664e-10
5.61193e-10
6.6775e-10
4.61427e-10
5.95707e-10
6.86548e-10
5.41715e-10
5.9134e-10
5.00939e-10
5.29341e-10
4.5595e-10
5.6721e-10
6.8501e-10
6.51887e-10
5.16743e-10
4.39152e-10
6.50741e-10
5.89005e-10
6.20838e-10
7.05365e-10
6.36974e-10
6.18141e-10
5.54285e-10
5.45421e-10
5.45338e-10
4.93103e-10
5.68739e-10
5.95232e-10
5.83822e-10
5.5124e-10
5.46536e-10
7.39364e-10
5.39586e-10
5.93254e-10
6.32327e-10
6.02339e-10
5.8718e-10
6.73504e-10
5.17005e-10
6.14219e-10
6.3678e-10
6.68551e-10
6.21513e-10
5.53862e-10
5.12204e-10
6.8459e-10
6.43245e-10
5.02126e-10
5.04744e-10
4.55487e-10
5.71464e-10
5.2376e-10
5.10635e-10
5.33544e-10
6.14424e-10
6.37302e-10
6.10042e-10
5.94498e-10
5.48708e-10
6.83839e-10
6.10771e-10
5.91874e-10
6.49235e-10
4.57014e-10
7.23256e-10
5.53496e-10
7.74109e-10
5.08421e-10
6.42775e-10
6.45586e-10
6.01664e-10
5.62506e-10
5.18572e-10
5.19056e-10
5.97781e-10
6.48386e-10
6.9081e-10
5.94152e-10
6.64851e-10
8.006e-10
6.59952e-10
5.76246e-10
7.14359e-10
6.18866e-10
6.02035e-10
6.19643e-10
6.49259e-10
5.97675e-10
6.65898e-10
6.68838e-10
6.02427e-10
6.54246e-10
6.31571e-10
5.87881e-10
6.24446e-10
5.90725e-10
5.71862e-10
5.07631e-10
5.91142e-10
5.8753e-10
5.24382e-10
5.52966e-10
5.36231e-10
6.02239e-10
5.93119e-10
5.20428e-10
5.31271e-10
6.5337e-10
6.5743e-10
5.16688e-10
5.35565e-10
6.1954e-10
4.9958e-10
6.40416e-10
5.69057e-10
6.71815e-10
6.34623e-10
5.16411e-10
5.24942e-10
4.97074e-10
5.27246e-10
5.63635e-10
4.92721e-10
5.80929e-10
6.65898e-10
5.3401e-10
5.47306e-10
7.42478e-10
4.2578e-10
5.38339e-10
6.2861e-10
7.77084e-10
7.22727e-10
5.4982e-10
5.56729e-10
7.07664e-10
6.5735e-10
5.04589e-10
5.87912e-10
6.46017e-10
5.21162e-10
5.45174e-10
5.10787e-10
5.45993e-10
5.51123e-10
6.14413e-10
6.31515e-10
5.69804e-10
6.43643e-10
5.77998e-10
5.74477e-10
5.35772e-10
5.43749e-10
6.13817e-10
5.68799e-10
5.57928e-10
5.07993e-10
5.39542e-10
4.82652e-10
5.77513e-10
5.94948e-10
5.90775e-10
5.12395e-10
5.90617e-10
5.61174e-10
5.70203e-10
5.77106e-10
6.37273e-10
5.23447e-10
6.09537e-10
5.15947e-10
5.967e-10
5.4573e-10
5.02343e-10
6.3748e-10
5.44536e-10
5.44268e-10
5.92052e-10
6.5144e-10
5.41283e-10
5.30984e-10
6.33379e-10
5.70741e-10
6.95801e-10
7.87669e-10
5.97776e-10
5.18694e-10
6.35711e-10
5.83352e-10
6.51012e-10
5.75685e-10
5.36948e-10
6.59347e-10
6.6266e-10
6.40364e-10
5.09732e-10
6.10536e-10
5.66139e-10
5.84266e-10
6.95077e-10
6.29062e-10
5.13295e-10
5.97688e-10
4.96449e-10
5.09867e-10
5.55394e-10
5.43152e-10
5.46202e-10
6.01118e-10
5.41523e-10
6.26278e-10
5.64037e-10
5.26432e-10
6.10537e-10
5.58165e-10
6.01468e-10
5.76374e-10
5.32072e-10
6.21804e-10
6.9001e-10
6.63975e-10
6.01528e-10
5.74137e-10
5.93885e-10
6.29857e-10
5.93964e-10
5.1672e-10
5.04212e-10
5.47368e-10
7.01061e-10
6.21391e-10
5.82135e-10
6.68404e-10
7.94299e-10
7.21002e-10
5.70548e-10
5.61358e-10
6.82961e-10
6.61324e-10
5.26766e-10
6.01596e-10
5.19648e-10
7.00655e-10
6.3222e-10
5.38309e-10
6.56602e-10
6.18678e-10
5.39324e-10
6.95486e-10
6.2348e-10
5.45005e-10
6.41044e-10
5.57932e-10
7.91931e-10
6.36634e-10
4.24555e-10
6.65165e-10
5.40563e-10
5.20699e-10
6.31798e-10
6.05288e-10
5.40468e-10
5.33383e-10
4.73302e-10
5.58496e-10
4.51902e-10
6.00873e-10
5.98604e-10
7.08734e-10
5.86168e-10
6.28524e-10
5.2364e-10
5.54067e-10
6.63745e-10
5.30686e-10
5.3016e-10
4.8282e-10
5.77583e-10
6.49195e-10
5.21582e-10
6.80841e-10
6.49361e-10
5.03576e-10
5.44202e-10
6.33431e-10
6.45503e-10
5.97403e-10
6.03247e-10
5.67002e-10
5.6867e-10
7.20527e-10
5.28911e-10
6.06847e-10
5.80922e-10
7.39176e-10
6.3224e-10
6.56952e-10
3.79245e-10
5.29355e-10
5.14854e-10
6.27862e-10
5.04542e-10
5.04526e-10
6.95705e-10
5.34045e-10
5.63023e-10
5.7344e-10
6.35242e-10
7.44133e-10
6.46348e-10
5.63785e-10
5.84608e-10
5.1482e-10
4.71709e-10
5.41612e-10
6.30578e-10
7.577e-10
5.12147e-10
5.08383e-10
6.17443e-10
5.9265e-10
7.13002e-10
7.46778e-10
5.52428e-10
4.98343e-10
5.38263e-10
5.22538e-10
5.71557e-10
5.69544e-10
5.56841e-10
5.46519e-10
5.64143e-10
6.76974e-10
6.03783e-10
6.16216e-10
5.59156e-10
6.55293e-10
5.13932e-10
4.55511e-10
5.86179e-10
6.42447e-10
6.09044e-10
5.92274e-10
5.60177e-10
7.34542e-10
6.17877e-10
5.34416e-10
7.23336e-10
5.8279e-10
7.22708e-10
5.6814e-10
6.04867e-10
5.65626e-10
7.64794e-10
6.22733e-10
5.24716e-10
7.29149e-10
6.20414e-10
5.93242e-10
5.65473e-10
5.81505e-10
5.23823e-10
5.11525e-10
5.44175e-10
6.35761e-10
6.42229e-10
6.69191e-10
5.31621e-10
5.79835e-10
6.73406e-10
5.99629e-10
5.60398e-10
5.63409e-10
5.91263e-10
5.75363e-10
7.26136e-10
5.86751e-10
5.53866e-10
5.37345e-10
5.37854e-10
5.22784e-10
5.54641e-10
5.27574e-10
5.89766e-10
6.53389e-10
4.77199e-10
4.5202e-10
7.24406e-10
4.08037e-10
5.83808e-10
6.85438e-10
6.16387e-10
5.82769e-10
5.84844e-10
5.26108e-10
6.49246e-10
5.19334e-10
6.0182e-10
6.22294e-10
6.777e-10
5.22513e-10
5.06793e-10
5.66694e-10
5.82721e-10
5.9359e-10
6.05415e-10
5.86553e-10
6.25182e-10
5.47757e-10
5.45822e-10
6.10294e-10
4.47345e-10
6.14724e-10
6.04408e-10
5.93074e-10
5.65243e-10
6.86413e-10
5.07766e-10
5.92172e-10
5.04362e-10
6.07852e-10
6.40546e-10
4.74805e-10
5.67538e-10
4.87764e-10
5.7343e-10
4.84722e-10
5.76939e-10
5.66933e-10
5.93317e-10
6.67895e-10
5.66916e-10
6.14549e-10
5.87387e-10
6.87013e-10
4.67604e-10
5.61303e-10
5.50619e-10
6.17056e-10
5.85213e-10
6.2282e-10
5.82117e-10
5.96917e-10
4.23227e-10
5.69812e-10
4.54375e-10
5.60575e-10
6.19733e-10
7.18769e-10
5.09103e-10
5.96465e-10
4.8208e-10
5.22019e-10
4.91954e-10
5.2377e-10
5.94987e-10
5.85215e-10
5.18858e-10
4.58147e-10
6.17171e-10
7.65972e-10
5.7757e-10
6.07946e-10
4.69764e-10
6.18766e-10
5.48752e-10
