0.0,0.0,8.96761e-06,1.0926e-05,7.92359e-06,2.95811e-06,4.28918e-20,0.0,0.0
0.0,0.0,1.21354e-30,2.27486e-05,8.25552e-06,2.81233e-06,8.74462e-16,0.0,0.0
0.0,0.0,1.26686e-08,1.81998e-05,9.60912e-06,2.70383e-06,6.28744e-15,0.0,0.0
0.0,0.0,1.28039e-05,1.97142e-05,9.16884e-06,2.72421e-06,5.02214e-19,0.0,0.0
0.0,0.0,1.71842e-05,8.47556e-06,7.93519e-06,2.97195e-06,9.2662e-15,0.0,0.0
0.0,0.0,1.55083e-23,1.74942e-05,7.2061e-06,2.98424e-06,5.5378e-17,0.0,0.0
0.00172488,0.000214006,3.19322e-05,9.9486e-06,6.50438e-06,3.06023e-06,2.32922e-21,0.0,0.0
0.0,0.0,6.15943e-05,1.52821e-05,7.71544e-06,2.87836e-06,9.78568e-18,0.0,0.0
0.0,0.0,0.0,1.06743e-05,7.15859e-06,3.05784e-06,2.25103e-15,0.0,0.0
0.0,0.0,0.0,1.24697e-05,7.46103e-06,3.00549e-06,5.81534e-19,0.0,0.0
0.0,0.0,6.7002e-05,1.91967e-05,9.0403e-06,2.68236e-06,2.68106e-13,0.0,0.0
0.0,0.0,4.0315e-05,1.46474e-05,9.60632e-06,2.69383e-06,8.59863e-22,0.0,0.0
0.0,0.0,2.89863e-05,1.32264e-05,7.91705e-06,2.91306e-06,1.24038e-12,0.0,0.0
0.0,0.0,3.7119e-05,3.21629e-05,8.32789e-06,2.66773e-06,1.71697e-14,0.0,0.0
0.0,0.0,3.56647e-05,9.60399e-06,1.20551e-05,2.471e-06,3.28627e-20,0.0,0.0
0.0,0.0,6.04596e-05,1.49852e-05,1.0805e-05,2.53118e-06,1.68926e-20,0.0,0.0
0.0,0.0,4.50459e-05,2.81001e-05,9.71197e-06,2.5419e-06,1.08422e-14,0.0,0.0
0.0,0.0,4.81674e-05,1.31892e-05,7.55917e-06,2.93234e-06,2.21529e-18,0.0,0.0
0.0017045,0.00020655,1.90942e-05,1.73944e-05,8.10478e-06,2.81933e-06,3.4476e-18,0.0,0.0
0.0,0.0,5.75603e-05,1.08686e-05,5.55543e-06,3.17279e-06,9.30394e-21,0.0,0.0
0.0,0.0,3.09181e-05,1.54488e-05,9.09789e-06,2.75433e-06,2.99754e-17,0.0,0.0
0.0,0.000206101,0.0,2.10364e-05,8.12066e-06,2.82418e-06,2.33385e-19,0.0,0.0
0.0,0.0,3.13258e-05,1.6795e-05,1.17654e-05,2.43698e-06,1.38397e-19,0.0,0.0
0.0,0.0,6.61392e-05,2.05702e-05,8.14859e-06,2.77104e-06,1.31492e-19,0.0,0.0
0.0,0.000196516,8.71166e-05,1.7451e-05,8.46033e-06,2.72326e-06,5.22193e-19,0.0,0.0
0.0,0.000192387,4.03403e-05,1.06298e-05,9.85616e-06,2.68631e-06,5.71662e-17,0.0,0.0
0.0,0.0,0.0,8.93675e-06,8.31131e-06,2.9441e-06,6.80632e-19,0.0,0.0
0.0,0.0,0.0,1.62698e-05,8.57302e-06,2.841e-06,5.12551e-14,0.0,0.0
0.0,0.0,7.9931e-05,8.88549e-06,7.09609e-06,2.99192e-06,1.96734e-22,0.0,0.0
0.0,0.0,2.61086e-12,2.57839e-05,7.87458e-06,2.8253e-06,3.07573e-17,0.0,0.0
0.0,0.0,5.08291e-05,9.14951e-06,7.94132e-06,2.92624e-06,3.00068e-15,0.0,0.0
0.0,0.0,3.42422e-06,2.38043e-05,9.17751e-06,2.693e-06,1.70336e-15,0.0,0.0
0.0,0.000211514,4.33125e-05,1.96811e-05,7.63532e-06,2.84313e-06,1.31667e-15,0.0,0.0
0.0,0.0,3.81329e-05,3.20307e-06,9.7237e-06,2.7974e-06,3.9639e-20,0.0,0.0
0.0,0.000193494,0.0,1.40628e-05,9.25462e-06,2.76619e-06,1.41988e-24,0.0,0.0
0.0,0.0,2.11182e-05,1.70432e-05,9.20974e-06,2.73682e-06,1.90845e-14,0.0,0.0
0.0,0.0,1.52502e-05,3.40405e-05,9.97305e-06,2.48669e-06,1.98642e-14,0.0,0.0
0.0,0.0,6.53238e-05,2.15536e-05,8.04413e-06,2.77402e-06,6.40564e-16,0.0,0.0
0.0,0.0,1.71836e-10,2.60549e-05,9.91903e-06,2.59004e-06,1.46388e-20,0.0,0.0
0.0,0.000228711,2.71429e-05,1.541e-05,9.88008e-06,2.64716e-06,8.11068e-13,0.0,0.0
0.0,0.0,3.47109e-05,7.57884e-06,9.49688e-06,2.78333e-06,2.02153e-14,0.0,0.0
0.0,0.0,5.73088e-05,2.14872e-05,8.82282e-06,2.69522e-06,2.97169e-17,0.0,0.0
0.0,0.0,6.46928e-05,1.85299e-05,9.35072e-06,2.65635e-06,1.55596e-15,0.0,0.0
0.0,0.0,2.2223e-05,2.13867e-09,9.57867e-06,2.864e-06,6.90345e-17,0.0,0.0
0.0,0.0,3.32059e-06,2.3818e-05,1.19424e-05,2.37847e-06,2.21533e-23,0.0,0.0
0.0,0.0,0.0,4.66165e-06,9.67718e-06,2.83148e-06,1.04717e-18,0.0,0.0
0.0,0.0,1.1805e-05,1.27789e-05,9.21836e-06,2.78907e-06,3.23827e-14,0.0,0.0
0.0,0.0,2.83172e-05,1.72305e-05,9.63357e-06,2.67854e-06,1.54758e-23,0.0,0.0
0.0,0.0,2.84457e-05,8.37324e-06,1.23443e-05,2.45862e-06,8.99165e-17,0.0,0.0
0.0,0.000188907,5.7571e-06,8.76395e-06,9.07949e-06,2.83301e-06,4.32426e-15,0.0,0.0
0.00184163,0.0,1.94428e-05,1.65483e-05,9.3373e-06,2.70614e-06,5.13437e-14,0.0,0.0
0.0,0.0,4.09147e-05,2.02833e-05,9.08444e-06,2.69615e-06,1.00505e-14,0.0,0.0
0.0,0.0,2.29162e-13,2.38722e-05,8.77518e-06,2.74198e-06,2.36437e-18,0.0,0.0
0.0,0.0,9.76271e-06,2.92796e-05,7.3397e-06,2.84009e-06,6.76171e-15,0.0,0.0
0.0,0.0,6.18158e-05,1.50106e-05,7.5031e-06,2.90498e-06,1.33892e-14,0.0,0.0
0.0,0.0,1.10601e-10,3.79555e-06,9.40099e-06,2.87156e-06,6.17109e-15,0.0,0.0
0.0,0.0,3.62378e-05,1.01809e-05,6.529e-06,3.0931e-06,6.12952e-12,1.09301e-42,0.0
0.0,0.0,1.67032e-05,2.68768e-05,9.10497e-06,2.65542e-06,8.46295e-19,0.0,0.0
0.0,0.0,0.0,7.42932e-06,7.96858e-06,2.99816e-06,1.17944e-17,0.0,0.0
0.00163814,0.0,1.94447e-05,3.71516e-06,1.15677e-05,2.5833e-06,9.58223e-15,0.0,0.0
0.0,0.0,1.85172e-05,6.28858e-06,7.25884e-06,3.06923e-06,5.40333e-17,0.0,0.0
0.0,0.0,6.15107e-05,1.22676e-05,9.76494e-06,2.67547e-06,1.96965e-16,0.0,0.0
0.0,0.0,2.63489e-05,1.97218e-05,6.32168e-06,3.0326e-06,8.64008e-19,0.0,0.0
0.0,0.0,3.25115e-05,9.65636e-06,9.62156e-06,2.75088e-06,1.58396e-16,0.0,0.0
0.0,0.0,2.02637e-08,9.90831e-06,1.01568e-05,2.72443e-06,1.13433e-15,0.0,0.0
0.0,0.0,2.31144e-05,1.70221e-05,9.17799e-06,2.73837e-06,8.10839e-21,0.0,0.0
0.0,0.0,1.99222e-05,1.25156e-05,1.0005e-05,2.69299e-06,1.2169e-18,0.0,0.0
0.0,0.0,3.82515e-05,2.29852e-05,7.98084e-06,2.79769e-06,6.94746e-15,0.0,0.0
0.0,0.000204628,2.78205e-05,2.49622e-05,1.07925e-05,2.4495e-06,1.37638e-18,0.0,0.0
0.0,0.0,2.19191e-05,1.49564e-05,7.06086e-06,3.00121e-06,1.73915e-18,0.0,0.0
0.0,0.0,2.82683e-05,9.62941e-06,1.20057e-05,2.48478e-06,7.04341e-14,0.0,0.0
0.0,0.0,2.26796e-05,3.67214e-05,8.19613e-06,2.65355e-06,1.73965e-14,0.0,0.0
0.0,0.0,1.11829e-05,1.81238e-05,7.8977e-06,2.88656e-06,1.04302e-18,0.0,0.0
0.0,0.000194226,2.6198e-05,3.1333e-05,8.28893e-06,2.67346e-06,9.42132e-16,0.0,0.0
0.0,0.0,3.29233e-05,1.7375e-05,9.02862e-06,2.74067e-06,8.25895e-19,0.0,0.0
0.0,0.0,1.43236e-05,1.26249e-05,1.17211e-05,2.50306e-06,1.72477e-22,0.0,0.0
0.0,0.0,4.87163e-05,6.09783e-06,8.56881e-06,2.88778e-06,3.23274e-21,0.0,0.0
0.0,0.0,1.8346e-05,2.34345e-05,8.08959e-06,2.80347e-06,2.03502e-17,0.0,0.0
0.0,0.000198036,0.0,1.01454e-05,7.0651e-06,3.05396e-06,2.00079e-20,0.0,0.0
0.0,0.00020497,2.63651e-05,6.23911e-06,8.828e-06,2.86181e-06,9.59485e-14,0.0,0.0
0.0,0.0,2.7889e-05,2.48995e-05,9.22028e-06,2.64935e-06,2.13843e-20,0.0,0.0
0.0,0.0,0.0,2.66215e-05,7.80028e-06,2.82538e-06,1.02775e-17,0.0,0.0
0.0,0.0,2.29943e-05,1.75639e-05,7.21023e-06,2.95692e-06,4.55234e-19,0.0,0.0
0.0,0.0,4.61616e-05,1.03811e-05,9.01373e-06,2.79725e-06,4.85704e-18,0.0,0.0
0.0,0.000392514,1.17506e-05,1.655e-05,1.03078e-05,2.58824e-06,5.93991e-25,0.0,0.0
0.0,0.000474239,5.10256e-05,1.94291e-05,1.05555e-05,2.47843e-06,2.19786e-15,0.0,0.0
0.0,0.000224284,5.66475e-05,1.34389e-05,7.44577e-06,2.91066e-06,1.30482e-13,0.0,0.0
0.0,0.000240434,2.45963e-05,1.85079e-05,1.11665e-05,2.47157e-06,8.16237e-13,0.0,0.0
0.0,0.0,0.0,1.94164e-05,1.10323e-05,2.52979e-06,3.65513e-17,0.0,0.0
0.00184807,0.0,2.85545e-05,2.11987e-05,1.00517e-05,2.56793e-06,9.50217e-16,0.0,0.0
0.0,0.0,4.82844e-05,4.64274e-06,6.90412e-06,3.09218e-06,6.55684e-17,0.0,0.0
0.0,0.0,0.0,1.37049e-05,7.64748e-06,2.97193e-06,3.22757e-19,0.0,0.0
0.0,0.0,1.66581e-13,1.64979e-05,5.48798e-06,3.18964e-06,1.49957e-16,0.0,0.0
0.0,0.000179862,0.0,9.6563e-06,8.20092e-06,2.93147e-06,2.06645e-15,0.0,0.0
0.0,0.000169755,3.8895e-05,1.31123e-05,9.40671e-06,2.71652e-06,8.02605e-18,0.0,0.0
0.0,0.000208867,4.91685e-05,2.24378e-05,8.9325e-06,2.66161e-06,7.93152e-15,0.0,0.0
0.0,0.0,3.02051e-05,1.10465e-05,6.26225e-06,3.12172e-06,7.8939e-19,0.0,0.0
0.0,0.0,1.4219e-05,2.18563e-05,9.37689e-06,2.67752e-06,6.17153e-15,0.0,0.0
0.0,0.0,4.43469e-05,1.38013e-05,8.40159e-06,2.83474e-06,2.3221e-14,0.0,0.0
0.0,0.0,0.0,2.54939e-05,6.37055e-06,2.99929e-06,2.99464e-19,0.0,0.0
0.0,0.0,2.48414e-05,1.25476e-05,9.25446e-06,2.77245e-06,5.82069e-19,0.0,0.0
0.0,0.000205379,0.000110091,3.87329e-06,7.88946e-06,2.89695e-06,9.60169e-19,0.0,0.0
0.0,0.0,3.00003e-05,4.40038e-06,1.03939e-05,2.71844e-06,7.64274e-17,0.0,0.0
0.0,0.0,2.28713e-05,1.36329e-10,1.19795e-05,2.59019e-06,1.22203e-19,0.0,0.0
0.0,0.0,7.51194e-05,2.36187e-05,1.04762e-05,2.46558e-06,4.30626e-18,0.0,0.0
0.0,0.0,0.0,2.11076e-05,6.80945e-06,2.99323e-06,1.63134e-17,0.0,0.0
0.0,0.0,0.0,1.98138e-05,8.78825e-06,2.78108e-06,2.18856e-15,0.0,0.0
0.0,0.0,4.4184e-05,1.70098e-05,1.06997e-05,2.54143e-06,3.45754e-16,0.0,0.0
0.0,0.0,7.96855e-06,1.24005e-05,4.41352e-06,3.34377e-06,7.49301e-20,0.0,0.0
0.00173045,0.0,2.40855e-05,7.48585e-06,9.3554e-06,2.79081e-06,1.1608e-17,0.0,0.0
0.0,0.0,0.0,2.23042e-05,7.80121e-06,2.86845e-06,6.39058e-15,0.0,0.0
0.0,0.0,0.000115852,1.7685e-05,6.8888e-06,2.88664e-06,6.44529e-14,0.0,0.0
0.0,0.0,1.31562e-23,1.47852e-05,1.03288e-05,2.65613e-06,4.42942e-15,0.0,0.0
0.0,0.00018866,6.57106e-06,2.0539e-05,9.48398e-06,2.66834e-06,9.72942e-17,0.0,0.0
0.0,0.0,2.38795e-06,5.03184e-06,8.38033e-06,2.97258e-06,1.06026e-14,0.0,0.0
0.0,0.0,9.89432e-06,1.00995e-05,5.25954e-06,3.26835e-06,5.44041e-17,0.0,0.0
0.0,0.0,5.51791e-06,3.16276e-05,9.18749e-06,2.61125e-06,5.28112e-20,0.0,0.0
0.0,0.0,6.37531e-05,1.53464e-05,4.87094e-06,3.19867e-06,1.34236e-11,1.47463e-38,0.0
0.0,0.0,2.83248e-05,1.12891e-05,8.3236e-06,2.88696e-06,1.28663e-14,0.0,0.0
0.0,0.00018856,2.5827e-05,2.51676e-05,6.83276e-06,2.90174e-06,2.62191e-20,0.0,0.0
0.0,0.0,1.32971e-05,2.21395e-05,5.99565e-06,3.06035e-06,6.85842e-18,0.0,0.0
0.0,0.0,1.79584e-06,1.14221e-05,1.04945e-05,2.66886e-06,1.89214e-14,0.0,0.0
0.0,0.000202265,4.65227e-05,2.92163e-19,8.06053e-06,2.98885e-06,1.13456e-17,0.0,0.0
0.0,0.0,1.93786e-05,7.37557e-06,8.12902e-06,2.9584e-06,7.12379e-15,0.0,0.0
0.0,0.0,4.33175e-05,1.99598e-05,6.90588e-06,2.94446e-06,5.21457e-17,0.0,0.0
0.0,0.0,2.39961e-05,1.21698e-05,5.37486e-06,3.21849e-06,1.84627e-16,0.0,0.0
0.0,0.0,7.01707e-05,2.38399e-05,5.65463e-06,3.01744e-06,1.7613e-13,0.0,0.0
0.0,0.0,1.0269e-05,1.54205e-05,8.21989e-06,2.87798e-06,2.33715e-20,0.0,0.0
0.0,0.0,0.0,3.15558e-05,8.23072e-06,2.72707e-06,1.28022e-16,0.0,0.0
0.0,0.0,3.70388e-05,2.30192e-05,7.24641e-06,2.88227e-06,3.09729e-20,0.0,0.0
0.0,0.0,0.0,1.55371e-05,6.98578e-06,3.02887e-06,2.42409e-18,0.0,0.0
0.0,0.0,6.49238e-07,3.31949e-05,8.17992e-06,2.71572e-06,3.08395e-18,0.0,0.0
0.0,0.0,1.18792e-05,3.91186e-06,8.14469e-06,2.99979e-06,7.37103e-15,0.0,0.0
0.0,0.0,5.95639e-05,1.77001e-05,8.43424e-06,2.77473e-06,3.8261e-17,0.0,0.0
0.0,0.000417715,1.77812e-05,6.37483e-06,1.08937e-05,2.61398e-06,2.65905e-14,0.0,0.0
0.0,0.0,7.68722e-05,1.69574e-05,8.92932e-06,2.70615e-06,3.81376e-20,0.0,0.0
0.0,0.000212491,0.0,1.54265e-06,1.2178e-05,2.55696e-06,7.61595e-21,0.0,0.0
0.0,0.0,3.63744e-09,1.31603e-05,7.33823e-06,3.01255e-06,5.19738e-18,0.0,0.0
0.0,0.0,5.89586e-05,2.2874e-05,8.39406e-06,2.72825e-06,8.30856e-15,0.0,0.0
0.0,0.0,0.0,1.14322e-05,8.86692e-06,2.85594e-06,7.70109e-18,0.0,0.0
0.0,0.0,2.61119e-05,1.10242e-05,1.06541e-05,2.62703e-06,9.62206e-20,0.0,0.0
0.0,0.0,3.16828e-05,2.44876e-05,8.60175e-06,2.71951e-06,4.58951e-14,0.0,0.0
0.0,0.000191757,4.23509e-05,1.20988e-05,8.18226e-06,2.85981e-06,1.02748e-17,0.0,0.0
0.0,0.0,1.38601e-22,8.34829e-06,1.03062e-05,2.72306e-06,5.20941e-19,0.0,0.0
0.0,0.0,2.81434e-16,9.54243e-06,1.07687e-05,2.65851e-06,3.07625e-17,0.0,0.0
0.0,0.0,5.36962e-09,1.72346e-05,1.04509e-05,2.61773e-06,1.55379e-18,0.0,0.0
0.0,0.0,3.4351e-05,2.37255e-05,6.31478e-06,2.98424e-06,1.53986e-17,0.0,0.0
0.0,0.0,3.53228e-05,1.31606e-05,1.14468e-05,2.50502e-06,3.23447e-18,0.0,0.0
0.00331875,0.0,0.0,1.40526e-05,9.13465e-06,2.7578e-06,1.16504e-20,0.0,0.0
0.0,0.0,4.7523e-05,4.34804e-05,6.50704e-06,2.74984e-06,4.77329e-20,0.0,0.0
0.0,0.000204045,0.0,2.50962e-05,8.50616e-06,2.73993e-06,3.0715e-17,0.0,0.0
0.0,0.0,4.14693e-05,2.20864e-05,8.71858e-06,2.7191e-06,2.49e-17,0.0,0.0
0.0,0.0,1.44641e-05,2.22534e-05,7.32686e-06,2.90646e-06,3.83298e-20,0.0,0.0
0.0,0.0,0.0,3.81026e-05,8.10538e-06,2.67586e-06,1.36524e-19,0.0,0.0
0.0,0.000204356,0.0,2.4514e-05,8.31335e-06,2.76766e-06,1.11338e-18,0.0,0.0
0.0,0.0,3.73539e-07,3.15032e-05,7.02662e-06,2.86414e-06,6.61783e-18,0.0,0.0
0.0,0.0,1.05426e-05,2.94955e-05,7.31662e-06,2.83966e-06,3.1101e-18,0.0,0.0
0.0,0.0,8.25652e-05,2.02846e-05,9.20347e-06,2.63522e-06,7.16724e-18,0.0,0.0
0.0,0.0,5.478e-05,1.79494e-05,6.91404e-06,2.9506e-06,2.79626e-19,0.0,0.0
0.0,0.0,0.0,6.59649e-06,1.21396e-05,2.53203e-06,6.53757e-19,0.0,0.0
0.0,0.0,8.94473e-06,1.53622e-05,8.82723e-06,2.81098e-06,2.08403e-16,0.0,0.0
0.0,0.0,1.89938e-05,1.6212e-05,9.4698e-06,2.71796e-06,4.62377e-16,0.0,0.0
0.0,0.0,2.90551e-05,1.57418e-05,6.21999e-06,3.08066e-06,2.01832e-11,3.67508e-38,0.0
0.0,0.000178698,5.92399e-05,1.47515e-05,7.98017e-06,2.83836e-06,2.51204e-23,0.0,0.0
0.0,0.0,0.0,1.80796e-05,1.00855e-05,2.65086e-06,3.22166e-15,0.0,0.0
0.0,0.000214551,0.0,2.65864e-05,9.74212e-06,2.58339e-06,3.18247e-16,0.0,0.0
0.0,0.0,2.45949e-05,1.27336e-05,8.54747e-06,2.85129e-06,5.2572e-16,0.0,0.0
0.0,0.000219437,2.8844e-05,1.0793e-05,1.17253e-05,2.48244e-06,5.5005e-14,0.0,0.0
0.0,0.000201021,5.35419e-05,3.68656e-05,9.56975e-06,2.44066e-06,6.18194e-18,0.0,0.0
0.0,0.0,1.76465e-05,5.70036e-06,7.82886e-06,3.01127e-06,1.50858e-18,0.0,0.0
0.0,0.0,4.69716e-05,4.52855e-06,8.99053e-06,2.85749e-06,5.28061e-16,0.0,0.0
0.0,0.0,1.59753e-05,1.86271e-05,7.04943e-06,2.97256e-06,3.80074e-19,0.0,0.0
0.0,0.0,1.35507e-23,1.56608e-05,5.99425e-06,3.14042e-06,2.70299e-20,0.0,0.0
0.0,0.0,0.0,2.5731e-05,9.70632e-06,2.61747e-06,1.32245e-17,0.0,0.0
0.0,0.0,6.65168e-05,1.3843e-05,8.36393e-06,2.81339e-06,2.01227e-13,0.0,0.0
0.0,0.0,4.3137e-05,3.13247e-05,7.57629e-06,2.75476e-06,2.64565e-18,0.0,0.0
0.0,0.0,4.25014e-06,1.02264e-05,6.40416e-06,3.1433e-06,2.25282e-18,0.0,0.0
0.0,0.0,0.0,3.29945e-05,1.11771e-05,2.37754e-06,4.43804e-21,0.0,0.0
0.00158474,0.0,2.80748e-05,3.80607e-06,1.07912e-05,2.66157e-06,1.86313e-17,0.0,0.0
0.0,0.0,7.12674e-06,1.31409e-05,9.13675e-06,2.80006e-06,3.10295e-15,0.0,0.0
0.0,0.0,9.8134e-05,1.18538e-05,9.09731e-06,2.71389e-06,2.64534e-19,0.0,0.0
0.0,0.0,3.06298e-05,2.09368e-05,9.70912e-06,2.63026e-06,4.12714e-16,0.0,0.0
0.0017157,0.0,0.0,1.16185e-05,1.05995e-05,2.63555e-06,1.01359e-19,0.0,0.0
0.0,0.0,3.37656e-05,1.77329e-05,8.92816e-06,2.74756e-06,1.25808e-16,0.0,0.0
0.0,0.0,2.46521e-05,1.16556e-05,1.04666e-05,2.6437e-06,1.43859e-15,0.0,0.0
0.0,0.0,2.02061e-06,1.68194e-05,6.61344e-06,3.05611e-06,1.80426e-16,0.0,0.0
0.0,0.0,0.0,2.56021e-05,1.29984e-05,2.24429e-06,1.43003e-16,0.0,0.0
0.0,0.0,0.0,6.55598e-06,1.04678e-05,2.7226e-06,2.75627e-23,0.0,0.0
0.0,0.0,2.84908e-05,1.07914e-05,8.14987e-06,2.91151e-06,1.94159e-18,0.0,0.0
0.0,0.0,0.0,1.72024e-05,8.01164e-06,2.89553e-06,7.41678e-19,0.0,0.0
0.0,0.0,5.59772e-05,1.03597e-05,8.40149e-06,2.85594e-06,1.03154e-15,0.0,0.0
0.0,0.0,0.0,1.09631e-05,8.63516e-06,2.887e-06,1.39428e-16,0.0,0.0
0.0,0.0,5.94778e-05,2.16646e-05,9.0795e-06,2.66178e-06,4.39538e-15,0.0,0.0
0.0,0.0,4.60277e-05,1.15552e-05,9.47524e-06,2.73316e-06,2.90514e-15,0.0,0.0
0.0,0.000214442,3.06887e-05,1.96109e-05,7.24045e-06,2.90281e-06,1.51358e-15,0.0,0.0
0.0,0.0,0.0,2.76606e-05,7.12499e-06,2.8918e-06,3.0048e-15,0.0,0.0
0.0,0.0,5.22276e-05,1.39219e-05,8.65614e-06,2.79545e-06,1.41937e-11,7.41175e-41,0.0
0.0,0.0,5.60741e-09,1.25602e-05,9.57216e-06,2.76444e-06,3.6851e-17,0.0,0.0
0.0,0.000203324,9.76642e-06,2.28972e-05,7.50681e-06,2.86456e-06,8.39832e-16,0.0,0.0
0.0,0.0,0.0,9.24969e-06,6.59877e-06,3.13577e-06,1.61452e-17,0.0,0.0
0.0,0.000185286,3.14524e-05,1.35842e-05,8.90134e-06,2.7762e-06,4.61287e-18,0.0,0.0
0.0,0.0,0.000102498,1.91047e-05,7.07048e-06,2.86697e-06,1.23857e-18,0.0,0.0
0.00166325,0.000207006,7.84435e-05,1.40205e-05,8.09502e-06,2.78714e-06,1.27868e-15,0.0,0.0
0.0,0.0,7.64508e-05,6.01144e-06,8.86285e-06,2.82365e-06,2.82252e-20,0.0,0.0
0.0,0.0,2.66198e-05,1.52934e-05,7.51707e-06,2.9406e-06,4.45212e-15,0.0,0.0
0.0,0.0,0.0,1.25611e-05,8.74409e-06,2.85863e-06,9.05332e-14,0.0,0.0
0.0,0.0,0.0,1.37045e-05,9.50045e-06,2.76116e-06,1.14209e-14,0.0,0.0
0.0,0.0,0.0,1.67198e-05,7.83055e-06,2.92095e-06,5.85054e-18,0.0,0.0
0.0,0.000208387,8.29237e-05,1.59469e-05,1.05838e-05,2.50034e-06,1.29973e-15,0.0,0.0
0.0,0.0,2.62128e-05,2.26431e-05,8.92143e-06,2.70782e-06,7.97613e-18,0.0,0.0
0.0,0.0,6.939e-06,2.87733e-05,8.8065e-06,2.68151e-06,6.56061e-16,0.0,0.0
0.0,0.0,1.15635e-05,1.45558e-05,7.09441e-06,3.01318e-06,5.40148e-15,0.0,0.0
0.0,0.000219228,0.0,2.54337e-05,8.66737e-06,2.7167e-06,2.21225e-16,0.0,0.0
0.0,0.0,8.93059e-06,2.44344e-05,8.9713e-06,2.70388e-06,1.01229e-12,0.0,0.0
0.0,0.0,3.26917e-05,1.25501e-05,9.09731e-06,2.78137e-06,2.83112e-14,0.0,0.0
0.0,0.0,0.0,2.1304e-05,4.66572e-06,3.23511e-06,1.79977e-17,0.0,0.0
0.0,0.0,3.69446e-05,2.58839e-05,1.06304e-05,2.4688e-06,5.30897e-18,0.0,0.0
0.00171426,0.0,4.307e-05,5.72967e-10,8.52539e-06,2.93869e-06,4.07205e-16,0.0,0.0
0.0,0.0,0.0,9.6556e-06,1.00756e-05,2.73622e-06,1.83747e-17,0.0,0.0
0.0,0.0,3.76951e-05,3.73082e-06,8.33947e-06,2.95003e-06,4.38098e-12,2.51813e-42,0.0
0.0,0.0,2.59383e-05,9.73692e-06,7.79416e-06,2.96542e-06,6.63934e-17,0.0,0.0
0.0,0.0,0.0,1.86783e-05,8.07689e-06,2.87335e-06,5.14945e-14,0.0,0.0
0.0,0.0,5.15728e-05,2.01472e-05,9.6337e-06,2.62291e-06,5.84657e-14,0.0,0.0
0.0,0.0,2.35653e-05,4.0855e-06,7.35182e-06,3.07495e-06,3.81181e-16,0.0,0.0
0.0,0.0,8.99179e-06,1.48058e-05,5.49071e-06,3.19602e-06,2.26244e-15,0.0,0.0
0.0,0.0,7.0951e-05,1.6619e-05,1.49589e-05,2.03041e-06,9.83324e-24,0.0,0.0
0.0,0.0,6.05964e-05,2.0597e-05,1.10913e-05,2.44234e-06,3.11117e-25,0.0,0.0
0.0,0.0,8.17872e-06,3.4303e-05,1.00965e-05,2.47806e-06,1.27697e-15,0.0,0.0
0.0,0.0,1.92769e-05,1.79907e-05,9.93293e-06,2.64717e-06,1.07355e-16,0.0,0.0
0.0,0.0,0.0,1.26378e-05,1.07418e-05,2.63062e-06,6.25541e-17,0.0,0.0
0.0,0.0,4.67813e-05,5.77729e-06,1.09191e-05,2.62585e-06,1.24206e-14,0.0,0.0
0.0,0.0,2.56166e-05,5.14422e-06,1.16995e-05,2.56747e-06,5.71017e-15,0.0,0.0
0.0,0.0,4.66997e-05,3.25693e-06,8.16302e-06,2.96464e-06,1.60426e-18,0.0,0.0
0.0,0.0,7.47231e-05,1.13636e-05,1.05867e-05,2.576e-06,2.96871e-18,0.0,0.0
0.0,0.000200054,3.65867e-05,1.29862e-05,9.02491e-06,2.76081e-06,3.35018e-18,0.0,0.0
0.0,0.0,4.12337e-05,1.89827e-05,5.78766e-06,3.0838e-06,2.09445e-16,0.0,0.0
0.0,0.0,0.000110703,5.51804e-05,1.16936e-05,1.971e-06,1.1454e-23,0.0,0.0
0.0,0.0,2.33521e-05,1.86451e-05,9.9097e-06,2.63863e-06,1.51127e-19,0.0,0.0
0.0,0.0,6.28196e-06,2.21657e-05,9.15933e-06,2.7082e-06,2.07096e-17,0.0,0.0
0.0,0.0,1.17922e-23,1.28561e-05,8.56615e-06,2.87592e-06,4.41325e-16,0.0,0.0
0.0,0.000411075,3.0979e-05,2.32911e-06,8.51171e-06,2.91103e-06,5.81129e-20,0.0,0.0
0.0,0.0,3.00911e-05,1.42215e-05,3.93414e-06,3.35492e-06,7.84919e-18,0.0,0.0
0.0,0.0,2.20395e-05,9.73366e-06,5.86541e-06,3.18928e-06,9.96507e-18,0.0,0.0
0.0,0.0,4.13225e-05,1.97847e-05,7.27837e-06,2.90611e-06,5.84945e-18,0.0,0.0
0.0,0.000204464,0.0,5.04276e-06,8.60789e-06,2.92886e-06,2.48364e-16,0.0,0.0
0.0,0.000186327,0.0,2.19455e-05,7.28902e-06,2.91166e-06,4.69311e-18,0.0,0.0
0.0,0.0,1.3412e-05,2.95963e-05,8.62405e-06,2.68667e-06,2.93817e-22,0.0,0.0
0.0,0.0,0.0,5.79617e-06,8.96641e-06,2.90099e-06,1.48632e-16,0.0,0.0
0.0,0.0,4.40231e-05,1.25317e-05,7.15951e-06,2.98909e-06,2.85772e-16,0.0,0.0
0.0,0.0,1.76712e-05,2.5537e-05,9.91637e-06,2.57542e-06,2.61385e-17,0.0,0.0
0.0,0.0,5.00724e-05,8.06448e-06,7.65366e-06,2.97067e-06,1.81566e-16,0.0,0.0
0.0,0.0,5.07589e-05,9.84636e-06,8.77495e-06,2.82452e-06,5.25521e-15,0.0,0.0
0.0,0.0,0.0,1.8309e-05,1.21929e-05,2.40885e-06,2.11859e-14,0.0,0.0
0.0,0.0,2.41003e-05,5.40085e-06,8.95162e-06,2.87921e-06,4.06804e-16,0.0,0.0
0.0,0.0,2.71094e-05,4.3616e-06,1.03382e-05,2.72846e-06,1.30608e-15,0.0,0.0
0.0,0.0,1.20449e-05,1.76085e-05,7.39731e-06,2.94765e-06,7.58229e-17,0.0,0.0
0.0,0.0,1.56574e-29,1.3292e-05,9.75662e-06,2.73614e-06,6.09938e-17,0.0,0.0
0.0,0.0,1.17078e-05,1.59563e-05,1.00475e-05,2.6631e-06,2.08263e-21,0.0,0.0
0.0,0.0,5.98507e-06,8.84991e-06,9.09081e-06,2.84949e-06,1.48799e-18,0.0,0.0
0.0,0.0,0.0,2.5675e-05,6.93939e-06,2.93265e-06,1.04207e-11,2.51093e-39,0.0
0.0,0.000174609,6.01658e-05,2.85884e-05,8.64618e-06,2.62359e-06,2.28202e-18,0.0,0.0
0.0,0.000115591,6.24981e-05,2.78525e-05,8.86332e-06,2.6095e-06,7.62437e-20,0.0,0.0
0.0,0.0,1.63863e-05,1.46224e-05,1.12622e-05,2.53294e-06,1.42352e-14,0.0,0.0
0.0,0.0,0.0,1.3168e-05,8.75368e-06,2.85147e-06,2.4966e-22,0.0,0.0
0.0,0.0,2.29423e-05,2.22607e-05,8.70185e-06,2.74034e-06,3.2405e-18,0.0,0.0
0.0,0.0,6.83478e-05,7.53128e-06,8.88807e-06,2.8148e-06,4.15879e-16,0.0,0.0
0.0,0.0,0.0,8.55074e-06,8.10248e-06,2.97129e-06,3.70357e-11,2.37566e-36,0.0
0.0,0.0,3.15517e-06,1.12113e-05,7.00684e-06,3.06615e-06,7.99261e-19,0.0,0.0
0.0,0.0,2.79486e-05,2.08122e-05,9.1628e-06,2.6967e-06,7.95114e-20,0.0,0.0
0.0,0.0,0.0,3.26473e-06,5.68255e-06,3.29984e-06,2.96118e-15,0.0,0.0
0.0,0.000211521,1.98038e-05,2.32603e-05,6.67567e-06,2.94324e-06,1.20188e-16,0.0,0.0
0.0,0.0,1.81315e-23,1.7507e-05,1.06863e-05,2.58824e-06,5.42209e-18,0.0,0.0
0.00172092,0.0,0.0,1.65894e-05,1.00225e-05,2.65141e-06,7.86693e-16,0.0,0.0
0.0,0.0,1.40355e-05,3.34681e-06,9.15931e-06,2.88757e-06,2.89754e-22,0.0,0.0
0.0,0.0,1.00222e-05,1.42973e-05,9.01505e-06,2.79904e-06,3.41929e-22,0.0,0.0
0.0,0.000205093,3.53403e-05,1.64798e-05,9.86613e-06,2.6311e-06,2.94332e-18,0.0,0.0
0.0,0.0,2.65239e-05,3.50403e-05,8.23e-06,2.66214e-06,3.92468e-17,0.0,0.0
0.0,0.0,6.24437e-05,1.21226e-05,9.34103e-06,2.72408e-06,2.20673e-17,0.0,0.0
0.0,0.0,2.94185e-05,9.09078e-06,1.00895e-05,2.70682e-06,1.25224e-20,0.0,0.0
0.0,0.000195639,4.10956e-05,1.41079e-05,9.70985e-06,2.66699e-06,7.71472e-16,0.0,0.0
0.0,0.0,4.94429e-05,1.54096e-05,8.518e-06,2.79962e-06,1.90236e-15,0.0,0.0
0.0,0.000207018,3.25243e-05,3.56569e-05,4.85967e-06,3.01182e-06,5.40724e-18,0.0,0.0
0.0,0.0,4.57064e-05,1.74191e-05,7.04932e-06,2.95083e-06,9.18375e-18,0.0,0.0
0.0,0.0,2.75011e-36,2.01374e-05,1.19148e-05,2.4222e-06,7.94317e-18,0.0,0.0
0.0,0.000400619,0.0,2.55835e-05,1.02906e-05,2.51242e-06,3.73133e-17,0.0,0.0
0.0,0.0,0.0,1.15543e-05,1.03203e-05,2.6894e-06,2.14755e-15,0.0,0.0
0.0,0.0,1.75904e-23,1.09593e-05,1.03958e-05,2.68676e-06,1.20716e-19,0.0,0.0
0.0,0.0,0.0,2.38555e-05,8.93103e-06,2.72442e-06,1.84125e-18,0.0,0.0
0.0,0.0,2.75696e-05,2.0063e-05,6.61962e-06,2.9939e-06,7.81927e-22,0.0,0.0
0.0,0.0,0.0,1.81117e-05,7.86179e-06,2.90348e-06,5.32257e-14,0.0,0.0
0.0,0.0,7.44347e-06,1.3502e-05,1.12262e-05,2.55842e-06,6.33613e-18,0.0,0.0
0.00189183,0.0,2.20009e-05,2.35792e-05,7.15902e-06,2.88007e-06,8.33688e-17,0.0,0.0
0.0,0.0,1.2645e-05,2.44553e-05,7.22263e-06,2.89837e-06,2.4499e-16,0.0,0.0
0.0,0.0,1.13783e-05,1.48437e-05,7.47738e-06,2.96695e-06,5.83462e-17,0.0,0.0
0.0,0.0,0.0,2.03194e-05,6.68167e-06,3.01564e-06,6.25747e-16,0.0,0.0
0.0,0.000207094,0.0,1.24464e-05,7.92449e-06,2.93229e-06,5.18647e-16,0.0,0.0
0.0,0.0,0.0,1.13648e-05,6.98549e-06,3.07063e-06,5.59534e-16,0.0,0.0
0.0,0.0,0.0,1.0895e-05,9.90445e-06,2.74327e-06,2.5447e-12,1.97331e-41,0.0
0.0,0.0,2.99226e-05,1.4513e-05,7.62092e-06,2.93283e-06,2.54148e-16,0.0,0.0
0.00179386,0.0,0.0,8.87327e-06,7.92874e-06,2.96583e-06,2.02303e-20,0.0,0.0
0.0,0.0,2.87422e-05,1.72996e-05,1.02725e-05,2.60469e-06,1.19789e-15,0.0,0.0
0.0,0.0,0.0,1.41109e-05,9.94536e-06,2.70648e-06,5.50689e-18,0.0,0.0
0.00154414,0.000191062,0.0,2.21236e-05,7.01633e-06,2.92113e-06,2.17178e-19,0.0,0.0
0.0,0.0,8.19836e-08,2.02468e-05,9.1516e-06,2.73532e-06,3.47591e-20,0.0,0.0
0.0,0.0,0.0,1.49382e-05,8.04907e-06,2.91391e-06,3.5019e-18,0.0,0.0
0.0,0.000213326,0.0,2.28677e-05,8.33083e-06,2.78123e-06,9.38209e-14,0.0,0.0
0.0,0.00021141,2.65272e-05,1.19158e-05,8.71947e-06,2.81656e-06,7.44022e-17,0.0,0.0
0.0,0.0,9.91532e-06,2.09651e-05,6.84585e-06,2.97923e-06,3.8754e-20,0.0,0.0
0.0,0.0,6.7238e-05,1.13942e-05,7.29339e-06,2.95883e-06,5.97084e-15,0.0,0.0
0.0,0.000186855,3.57836e-05,2.14798e-05,8.96997e-06,2.68436e-06,7.06213e-19,0.0,0.0
0.0,0.0,9.86023e-07,2.03726e-05,7.63055e-06,2.90605e-06,2.2108e-13,0.0,0.0
0.0,0.000411724,1.15365e-05,1.80838e-05,7.88024e-06,2.84737e-06,4.20859e-15,0.0,0.0
0.0,0.0,0.0,6.51294e-06,1.08733e-05,2.67691e-06,1.61294e-16,0.0,0.0
0.0,0.0,0.0,1.09247e-05,1.05868e-05,2.66538e-06,1.3471e-21,0.0,0.0
0.0,0.0,5.52059e-05,1.52453e-05,6.44788e-06,3.03018e-06,9.95135e-17,0.0,0.0
0.0,0.0,4.02661e-06,2.22535e-05,9.85395e-06,2.63087e-06,8.20587e-13,0.0,0.0
0.0,0.000210352,0.0,1.67141e-05,5.80477e-06,3.13041e-06,5.27303e-14,0.0,0.0
0.0,0.0,8.16033e-05,1.72976e-05,8.61278e-06,2.73337e-06,2.88322e-15,0.0,0.0
0.0,0.000166353,4.60056e-33,2.56193e-05,9.05362e-06,2.6762e-06,1.21273e-22,0.0,0.0
0.0,0.0,1.48627e-05,2.52296e-05,8.05356e-06,2.79358e-06,2.30362e-15,0.0,0.0
0.0,0.000205907,4.98115e-05,1.19436e-05,1.16619e-05,2.45565e-06,9.7758e-20,0.0,0.0
0.0,0.0,4.58594e-05,1.41031e-05,8.04156e-06,2.87095e-06,7.27877e-16,0.0,0.0
0.0,0.0,3.2027e-05,2.19858e-05,6.31383e-06,3.00439e-06,3.99759e-17,0.0,0.0
0.0,0.0,0.0,1.24102e-05,7.25442e-06,3.02958e-06,1.11204e-16,0.0,0.0
0.0,0.0,0.0,1.01765e-05,8.99712e-06,2.85369e-06,7.95684e-21,0.0,0.0
0.0,0.000206418,3.30414e-05,1.48448e-05,1.00594e-05,2.62794e-06,1.22832e-18,0.0,0.0
0.00166418,0.0,1.88075e-05,1.3977e-05,9.06971e-06,2.76523e-06,1.40657e-16,0.0,0.0
0.0,0.0,0.0,1.07505e-05,9.20358e-06,2.82446e-06,3.44163e-14,0.0,0.0
0.0,0.0,5.07866e-10,1.43589e-05,8.92942e-06,2.81957e-06,9.35794e-21,0.0,0.0
0.0,0.000182979,1.50947e-05,4.7901e-06,1.05203e-05,2.69883e-06,4.69405e-16,0.0,0.0
0.0,0.0,5.19471e-23,1.70502e-05,8.34959e-06,2.85861e-06,5.05841e-18,0.0,0.0
0.0,0.0,4.9525e-05,2.19928e-05,8.3783e-06,2.74958e-06,9.614e-14,0.0,0.0
0.0,0.0,1.24814e-06,5.43004e-06,6.67588e-06,3.16378e-06,6.71444e-19,0.0,0.0
0.0,0.000208124,8.40313e-06,1.34183e-05,6.97152e-06,3.02129e-06,1.60364e-12,2.50973e-42,0.0
0.0,0.0,6.60073e-05,3.69209e-06,9.7703e-06,2.7555e-06,5.50208e-19,0.0,0.0
0.0,0.000183391,4.15328e-05,1.47447e-05,8.67846e-06,2.77867e-06,2.07675e-17,0.0,0.0
0.0,0.0,4.89464e-06,1.09453e-05,6.03596e-06,3.17727e-06,6.01449e-19,0.0,0.0
0.0,0.000202474,2.23727e-05,1.11663e-05,6.14571e-06,3.12244e-06,8.1795e-16,0.0,0.0
0.0,0.0,2.00071e-06,1.56965e-05,9.23364e-06,2.76931e-06,4.13876e-17,0.0,0.0
0.0,0.0,2.01556e-05,1.24743e-05,8.11362e-06,2.90828e-06,6.91135e-15,0.0,0.0
0.0,0.0,0.0,1.79755e-06,8.0182e-06,3.04883e-06,8.39991e-22,0.0,0.0
0.0,0.0,0.0,8.93606e-06,7.31882e-06,3.057e-06,3.71286e-18,0.0,0.0
0.0,0.0,2.2772e-05,3.24526e-05,8.50491e-06,2.66101e-06,1.35592e-20,0.0,0.0
0.0,0.0,1.76067e-05,1.23032e-05,1.06166e-05,2.62818e-06,8.03084e-20,0.0,0.0
0.0,0.0,7.72509e-06,8.48463e-06,6.61094e-06,3.13325e-06,7.76142e-17,0.0,0.0
0.0,0.0,8.36935e-06,2.91107e-05,6.68998e-06,2.91726e-06,3.28135e-15,0.0,0.0
0.0,0.0,8.59604e-05,1.52453e-05,5.78482e-06,3.07062e-06,4.85336e-14,0.0,0.0
0.0,0.0,0.0,4.39217e-06,6.82688e-06,3.1584e-06,3.60392e-18,0.0,0.0
0.0,0.0,5.98882e-05,1.55085e-05,8.19712e-06,2.82325e-06,1.43022e-14,0.0,0.0
0.0,0.0,4.43396e-05,1.91765e-05,7.32713e-06,2.90321e-06,1.74941e-18,0.0,0.0
0.0,0.0,6.38998e-06,1.34913e-05,8.50894e-06,2.8688e-06,5.44284e-18,0.0,0.0
0.0,0.000193084,2.32081e-05,1.29075e-05,8.84514e-06,2.79796e-06,3.3306e-21,0.0,0.0
0.0,0.0,4.02596e-05,1.84374e-05,8.76866e-06,2.75127e-06,5.75311e-14,0.0,0.0
0.0,0.0,4.49802e-05,1.42978e-05,7.90528e-06,2.8855e-06,4.83145e-13,0.0,0.0
0.0,0.0,9.94764e-05,2.1386e-05,9.15562e-06,2.61041e-06,9.50282e-15,0.0,0.0
0.0,0.0,4.60801e-05,1.6985e-05,1.07304e-05,2.53603e-06,4.84233e-20,0.0,0.0
0.0,0.000158703,7.68716e-06,2.58343e-05,1.06904e-05,2.47988e-06,1.72162e-19,0.0,0.0
0.0,0.0,5.08158e-06,2.35265e-05,9.67738e-06,2.63703e-06,9.45423e-17,0.0,0.0
0.00175927,0.0,2.45054e-05,1.44653e-05,8.62466e-06,2.8033e-06,3.88403e-17,0.0,0.0
0.0,0.0,4.87679e-05,1.42456e-05,4.78898e-06,3.2362e-06,7.66626e-18,0.0,0.0
0.0,0.000187185,8.28568e-06,8.39639e-06,9.33723e-06,2.80466e-06,2.77949e-18,0.0,0.0
0.0,0.0,1.44198e-05,1.14738e-05,6.87694e-06,3.06548e-06,6.03448e-15,0.0,0.0
0.0,0.00020346,0.0,9.18381e-06,6.27457e-06,3.15296e-06,6.42137e-16,0.0,0.0
0.0,0.0,6.84651e-06,8.87276e-06,9.15561e-06,2.84091e-06,3.4964e-20,0.0,0.0
0.0,0.0,1.77943e-05,2.17631e-05,1.08207e-05,2.51015e-06,1.27381e-13,0.0,0.0
0.0,0.0,9.65173e-10,5.30496e-06,1.01603e-05,2.77009e-06,6.42143e-14,0.0,0.0
0.0,0.0,3.76348e-14,1.87574e-05,6.63138e-06,3.03698e-06,1.31116e-28,0.0,0.0
0.0,0.0,6.94819e-06,1.38529e-05,7.3427e-06,2.99721e-06,4.87032e-20,0.0,0.0
0.0,0.0,0.0,1.53467e-05,8.38627e-06,2.87143e-06,3.49771e-12,4.25995e-43,0.0
0.0,0.0,5.53305e-05,5.12374e-06,6.87786e-06,3.08234e-06,4.52433e-16,0.0,0.0
0.0,0.000202517,5.86838e-05,1.91537e-05,9.31458e-06,2.6408e-06,4.69497e-18,0.0,0.0
0.0,0.0,4.98161e-05,1.77002e-05,7.45177e-06,2.89757e-06,1.84994e-18,0.0,0.0
0.0,0.000213909,1.53502e-05,1.57907e-05,1.05007e-05,2.58766e-06,4.12825e-15,0.0,0.0
0.0,0.0,2.15624e-05,1.47736e-05,8.38229e-06,2.85313e-06,1.32271e-17,0.0,0.0
0.0,0.0,0.0,1.19888e-05,8.0692e-06,2.94112e-06,1.35091e-13,0.0,0.0
0.0,0.000192156,2.90279e-05,2.21796e-05,8.666e-06,2.71909e-06,2.5046e-23,0.0,0.0
0.00164003,0.0,6.20571e-05,1.19608e-06,8.78715e-06,2.87629e-06,2.02676e-17,0.0,0.0
0.0,0.0,3.10698e-05,6.85575e-06,9.0558e-06,2.84488e-06,5.01847e-16,0.0,0.0
0.0,0.0,8.59887e-06,3.35526e-05,8.81818e-06,2.6305e-06,1.01572e-16,0.0,0.0
0.0,0.0,5.53255e-05,2.21003e-05,9.91595e-06,2.567e-06,4.41481e-14,0.0,0.0
0.0,0.0,4.5027e-05,1.07362e-05,1.1653e-05,2.49476e-06,9.00169e-16,0.0,0.0
0.0,0.0,4.44107e-05,2.61025e-05,9.17532e-06,2.62364e-06,1.0512e-16,0.0,0.0
0.00160426,0.0,4.79391e-05,1.17387e-05,1.04632e-05,2.59672e-06,6.90058e-21,0.0,0.0
0.0,0.0,2.58908e-05,1.94786e-05,1.01035e-05,2.60536e-06,2.05575e-14,0.0,0.0
0.0,0.000234581,3.48553e-05,2.90454e-05,8.94133e-06,2.60824e-06,7.39465e-22,0.0,0.0
0.0,0.0,7.4383e-06,1.40546e-05,6.50251e-06,3.09021e-06,3.74533e-21,0.0,0.0
0.0,0.0,1.18857e-05,1.91309e-05,7.98086e-06,2.86619e-06,2.86627e-12,2.67648e-43,0.0
0.0,0.000201912,3.97914e-05,1.00688e-05,8.65356e-06,2.82839e-06,4.15032e-17,0.0,0.0
0.00180779,0.0,1.59124e-05,1.92175e-05,1.06779e-05,2.53138e-06,1.34196e-12,0.0,0.0
0.0,0.0,4.58748e-05,6.44009e-06,1.04785e-05,2.67037e-06,5.04415e-15,0.0,0.0
0.0,0.0,3.87552e-05,1.15789e-05,9.72411e-06,2.71288e-06,1.70027e-13,0.0,0.0
0.0,0.000205708,0.0,1.96518e-05,1.00182e-05,2.62222e-06,1.09774e-16,0.0,0.0
0.0,0.0,4.97549e-05,1.97141e-05,1.02918e-05,2.55444e-06,3.99075e-14,0.0,0.0
0.0,0.0,9.20233e-05,6.03725e-06,8.36081e-06,2.86279e-06,3.64426e-14,0.0,0.0
0.0,0.0,1.12722e-21,4.96247e-06,8.80127e-06,2.92811e-06,1.34322e-22,0.0,0.0
0.0,0.0,1.52636e-23,2.92918e-05,8.33114e-06,2.73829e-06,9.65891e-19,0.0,0.0
0.0,0.0,1.98804e-05,9.12502e-06,1.11093e-05,2.60133e-06,5.99758e-17,0.0,0.0
0.0,0.0,1.43037e-05,2.04496e-05,7.53119e-06,2.90144e-06,5.81571e-18,0.0,0.0
0.0,0.0,3.23849e-05,2.5323e-05,8.07014e-06,2.77083e-06,4.55347e-18,0.0,0.0
0.0,0.000200332,8.98282e-06,2.63879e-05,7.55392e-06,2.82549e-06,6.34992e-17,0.0,0.0
0.0,0.0,8.48739e-05,2.0036e-05,6.82722e-06,2.90538e-06,7.89279e-16,0.0,0.0
0.0,0.00022324,2.97983e-05,1.66308e-05,6.96196e-06,2.96431e-06,9.93318e-12,1.09646e-39,0.0
0.0,0.0,7.10914e-05,1.6444e-05,7.29874e-06,2.90334e-06,2.11968e-16,0.0,0.0
0.0,0.0,2.57092e-05,2.53899e-05,8.49961e-06,2.7289e-06,6.00243e-20,0.0,0.0
0.0,0.000198655,0.0,1.3708e-05,7.21055e-06,3.00173e-06,4.91256e-16,0.0,0.0
0.0,0.0,4.15887e-05,1.82362e-05,9.349e-06,2.68576e-06,9.73395e-21,0.0,0.0
0.0,0.0,4.63574e-05,1.58443e-05,7.55169e-06,2.9087e-06,1.29314e-21,0.0,0.0
0.0,0.0,1.48044e-07,1.82106e-05,1.09815e-05,2.54746e-06,2.27061e-16,0.0,0.0
0.0,0.0,1.06462e-05,1.06639e-05,6.78275e-06,3.08859e-06,9.31322e-21,0.0,0.0
0.0,0.0,0.0,2.33736e-05,7.96213e-06,2.83873e-06,6.27995e-11,4.01308e-36,0.0
0.0,0.0,3.13625e-05,2.40632e-05,7.7903e-06,2.81642e-06,4.24927e-17,0.0,0.0
0.0,0.0,2.14681e-05,1.91032e-05,9.46785e-06,2.68646e-06,5.40427e-16,0.0,0.0
0.0,0.0,4.54641e-05,5.02681e-06,8.48318e-06,2.91193e-06,5.14818e-13,0.0,0.0
0.0,0.000216273,0.0,2.62415e-05,1.00557e-05,2.551e-06,2.44185e-14,0.0,0.0
0.0,0.0,4.31301e-05,2.08745e-05,9.6796e-06,2.62002e-06,3.315e-20,0.0,0.0
0.0,0.0,0.0,1.64579e-05,9.27804e-06,2.75892e-06,1.77366e-23,0.0,0.0
0.0,0.0,3.03509e-05,2.76822e-05,7.02313e-06,2.86861e-06,3.92845e-12,5.77475e-42,0.0
0.0,0.00019593,8.03777e-06,7.91023e-06,6.56357e-06,3.12443e-06,7.23345e-17,0.0,0.0
0.0,0.0,1.17736e-05,1.82057e-05,8.49525e-06,2.81709e-06,6.8529e-16,0.0,0.0
0.0,0.0,3.13878e-36,1.61417e-05,9.86888e-06,2.69488e-06,1.07333e-15,0.0,0.0
0.0,0.0,1.75927e-11,7.24774e-08,7.84936e-06,3.08529e-06,6.99002e-21,0.0,0.0
0.0,0.0,3.2638e-05,1.66429e-05,8.00578e-06,2.86466e-06,3.60408e-17,0.0,0.0
0.0,0.0,3.1451e-05,1.67647e-05,1.24565e-05,2.35852e-06,3.84005e-18,0.0,0.0
0.0,0.000211904,0.0,2.73358e-05,7.69376e-06,2.80916e-06,7.18532e-16,0.0,0.0
0.0,0.0,7.97565e-05,2.77403e-05,8.20025e-06,2.67797e-06,1.00193e-15,0.0,0.0
0.0,0.0,7.21379e-06,1.55131e-05,1.00758e-05,2.66941e-06,5.18717e-13,0.0,0.0
0.0,0.0,1.24221e-05,2.70131e-05,9.88502e-06,2.57019e-06,3.27696e-15,0.0,0.0
0.0,0.0,0.0,2.47459e-05,8.51128e-06,2.76326e-06,4.10617e-16,0.0,0.0
0.0,0.0,5.43868e-06,1.0544e-05,1.3186e-05,2.36689e-06,3.98478e-11,2.90003e-37,0.0
0.0,0.0,2.55145e-14,2.00457e-05,6.76765e-06,3.0086e-06,6.83317e-20,0.0,0.0
0.0,0.0,1.23417e-05,1.4531e-05,8.13613e-06,2.89404e-06,2.99515e-17,0.0,0.0
0.0,0.0,3.88295e-05,2.18736e-05,6.60504e-06,2.96465e-06,5.48966e-14,0.0,0.0
0.0,0.000199151,1.42122e-23,1.64816e-05,1.00116e-05,2.65532e-06,4.36985e-15,0.0,0.0
0.0,0.000463039,1.02982e-05,2.15474e-05,7.78941e-06,2.81934e-06,1.04523e-18,0.0,0.0
0.0,0.0,2.59829e-05,3.15287e-05,7.8884e-06,2.73673e-06,1.05518e-13,0.0,0.0
0.0,0.0,0.0,1.75196e-05,8.09249e-06,2.88316e-06,1.19091e-18,0.0,0.0
0.0,0.000201018,7.50991e-05,5.1602e-06,1.0102e-05,2.67265e-06,2.82803e-24,0.0,0.0
0.0,0.0,4.46947e-05,9.81254e-06,1.14286e-05,2.52973e-06,1.50045e-11,1.74611e-38,0.0
0.0,0.0,0.0,2.29239e-05,1.06691e-05,2.53603e-06,1.8738e-15,0.0,0.0
0.0,0.0,2.61573e-05,1.56086e-05,1.01845e-05,2.63455e-06,2.28917e-19,0.0,0.0
0.0,0.0,1.33684e-05,1.53264e-05,9.1884e-06,2.76523e-06,2.12545e-20,0.0,0.0
0.00164609,0.000391245,5.29697e-30,2.483e-05,6.56981e-06,2.92356e-06,4.39036e-20,0.0,0.0
0.0,0.0,1.06646e-23,2.77337e-05,9.41927e-06,2.6301e-06,6.85534e-15,0.0,0.0
0.0,0.000235603,0.0,2.36294e-05,9.63199e-06,2.62338e-06,1.1661e-15,0.0,0.0
0.0,0.00061732,0.0,1.76455e-05,8.75472e-06,2.74484e-06,1.22866e-15,0.0,0.0
0.0,0.0,3.23932e-05,4.48126e-06,9.95831e-06,2.76446e-06,3.03609e-15,0.0,0.0
0.0,0.000220238,1.93246e-05,1.41517e-05,8.28148e-06,2.85134e-06,2.32867e-14,0.0,0.0
0.0,0.0,1.59675e-23,2.15516e-05,1.10439e-05,2.50711e-06,6.28567e-19,0.0,0.0
0.0,0.0,6.37741e-05,1.78068e-05,8.60858e-06,2.74904e-06,3.99787e-13,0.0,0.0
0.0,0.0,1.26297e-05,2.20057e-05,9.0757e-06,2.71209e-06,3.16655e-18,0.0,0.0
0.0,0.000204004,4.95686e-05,1.43689e-05,9.00198e-06,2.73443e-06,7.51568e-20,0.0,0.0
0.00168128,0.0,0.0,2.43065e-05,9.05527e-06,2.68476e-06,1.17449e-15,0.0,0.0
0.0,0.000188341,3.47022e-05,1.72115e-05,8.18436e-06,2.81748e-06,2.37659e-18,0.0,0.0
0.0,0.0,0.000101605,1.04216e-05,1.04862e-05,2.56628e-06,1.07302e-21,0.0,0.0
0.0,0.0,4.48037e-05,1.10065e-05,1.00279e-05,2.67717e-06,3.62037e-17,0.0,0.0
0.0,0.000188186,2.68241e-05,1.61197e-05,1.09749e-05,2.51995e-06,2.52505e-19,0.0,0.0
0.0,0.0,4.23606e-05,2.06144e-05,8.72161e-06,2.73246e-06,1.27397e-16,0.0,0.0
0.0,0.0,2.5577e-05,1.32763e-05,6.99626e-06,3.0212e-06,1.18358e-16,0.0,0.0
0.0,0.0,1.21947e-05,1.687e-06,9.17841e-06,2.90376e-06,2.935e-11,6.97366e-38,0.0
0.0,0.0,2.08471e-06,1.51602e-05,9.7258e-06,2.71859e-06,1.05647e-15,0.0,0.0
0.0,0.0,1.70599e-05,1.92572e-05,9.6977e-06,2.66378e-06,5.30346e-14,0.0,0.0
0.0,0.000192537,4.10637e-05,1.25285e-05,5.44903e-06,3.1678e-06,2.73316e-22,0.0,0.0
0.0,0.000197583,1.42362e-05,1.37258e-05,8.80486e-06,2.80411e-06,9.2832e-19,0.0,0.0
0.0,0.0,4.08659e-06,1.79177e-05,9.1181e-06,2.75787e-06,2.30664e-16,0.0,0.0
0.0,0.0,0.0,1.36845e-05,1.01845e-05,2.68355e-06,1.48404e-20,0.0,0.0
0.0,0.0,7.00258e-05,1.62246e-05,7.01815e-06,2.93866e-06,5.94164e-20,0.0,0.0
0.0,0.0,0.0,1.85063e-05,8.9402e-06,2.77687e-06,1.94426e-21,0.0,0.0
0.0,0.0,4.76031e-05,1.978e-05,9.18915e-06,2.68166e-06,6.48591e-17,0.0,0.0
0.0,0.0,5.96928e-06,1.33617e-05,9.47313e-06,2.7609e-06,4.83504e-14,0.0,0.0
0.0,0.000188971,2.72368e-07,1.41978e-05,7.54651e-06,2.95928e-06,7.05113e-15,0.0,0.0
0.0,0.0,6.01117e-05,1.32303e-05,9.95646e-06,2.64565e-06,1.82614e-16,0.0,0.0
0.0,0.0,2.69977e-05,5.01485e-06,8.34613e-06,2.94865e-06,2.43907e-17,0.0,0.0
0.0,0.0,4.29038e-05,2.78253e-05,7.55952e-06,2.79192e-06,1.04919e-18,0.0,0.0
0.0,0.0,0.0,2.73591e-05,6.90986e-06,2.91929e-06,1.06106e-13,0.0,0.0
0.0,0.000224473,0.0,1.88763e-05,9.74526e-06,2.65914e-06,5.87833e-17,0.0,0.0
0.0,0.0,4.09382e-05,2.63254e-05,9.51888e-06,2.58628e-06,4.20652e-14,0.0,0.0
0.0,0.0,1.16867e-05,3.56698e-06,8.42042e-06,2.97209e-06,1.05765e-17,0.0,0.0
0.0,0.0,4.78448e-05,3.02287e-05,7.8768e-06,2.72618e-06,9.06096e-20,0.0,0.0
0.0,0.0,7.75679e-05,1.85377e-05,1.00371e-05,2.56355e-06,1.12886e-16,0.0,0.0
0.0,0.0,7.14939e-05,1.18186e-05,7.66359e-06,2.90763e-06,3.80684e-18,0.0,0.0
0.0,0.0,6.90946e-05,7.95081e-06,7.00759e-06,3.02366e-06,4.54501e-19,0.0,0.0
0.0,0.000382119,0.0,2.08731e-05,1.22749e-05,2.33566e-06,1.95839e-18,0.0,0.0
0.0,0.0,0.0,2.24815e-05,8.8659e-06,2.74557e-06,1.76364e-16,0.0,0.0
0.0,0.0,0.0,2.36342e-05,9.46417e-06,2.66599e-06,1.69393e-17,0.0,0.0
0.0,0.0,0.0,2.27722e-05,1.29498e-05,2.27812e-06,9.1319e-20,0.0,0.0
0.0,0.0,0.0,2.48943e-05,9.16153e-06,2.68781e-06,1.55579e-17,0.0,0.0
0.0,0.0,5.07635e-05,1.62308e-06,8.35563e-06,2.95443e-06,1.64916e-12,2.85865e-43,0.0
0.0,0.0,3.15181e-05,3.17369e-05,1.27313e-05,2.17747e-06,4.9387e-16,0.0,0.0
0.0,0.0,2.26086e-05,5.50765e-06,1.13426e-05,2.60786e-06,4.1729e-17,0.0,0.0
0.0,0.0,2.08321e-05,1.03574e-05,7.95913e-06,2.94626e-06,1.87794e-17,0.0,0.0
0.0,0.0,2.96377e-06,1.50281e-05,1.01166e-05,2.67446e-06,2.02246e-14,0.0,0.0
0.0,0.0,0.0,2.81549e-05,6.88291e-06,2.9144e-06,3.82758e-17,0.0,0.0
0.0,0.000182577,1.45501e-05,1.03211e-05,8.53234e-06,2.8703e-06,2.40799e-19,0.0,0.0
0.0,0.0,0.0,2.66598e-05,9.20545e-06,2.66516e-06,2.93866e-15,0.0,0.0
0.0,0.000203131,8.67683e-06,2.42972e-05,6.68836e-06,2.94492e-06,7.00021e-18,0.0,0.0
0.0,0.0,1.0693e-05,1.85565e-05,8.73638e-06,2.78738e-06,9.35054e-14,0.0,0.0
0.0,0.0,5.08804e-05,8.98264e-06,8.75689e-06,2.83508e-06,2.12592e-15,0.0,0.0
0.0,7.63178e-05,1.33962e-05,5.34499e-05,1.71883e-05,1.46634e-06,9.58029e-35,0.0,0.0
0.0,0.0,2.16614e-05,2.11888e-05,8.7182e-06,2.75065e-06,3.56632e-17,0.0,0.0
0.0,0.0,6.14012e-05,1.76283e-05,7.15475e-06,2.9189e-06,1.29513e-22,0.0,0.0
0.0,0.0,0.0,1.94924e-05,9.39997e-06,2.71471e-06,7.92488e-15,0.0,0.0
0.0,0.0,0.0,1.99621e-05,1.09304e-05,2.53593e-06,1.33859e-16,0.0,0.0
0.0,0.000145941,5.08197e-05,1.45983e-05,6.50526e-06,3.02052e-06,1.05307e-16,0.0,0.0
0.0,0.0,3.05659e-05,7.80558e-06,7.86366e-06,2.97156e-06,1.52865e-19,0.0,0.0
0.0,0.0,3.29222e-05,6.13941e-06,9.78413e-06,2.76651e-06,5.08981e-11,5.6214e-37,0.0
0.0,0.0,6.49792e-05,5.95552e-06,6.69234e-06,3.08415e-06,5.42303e-18,0.0,0.0
0.0,0.0,2.55368e-05,1.79522e-05,9.0457e-06,2.74136e-06,7.7778e-17,0.0,0.0
0.0,0.0,7.97977e-06,1.97518e-05,1.07063e-05,2.55443e-06,4.23769e-13,0.0,0.0
0.0,0.0,4.79502e-05,1.37144e-05,8.04007e-06,2.87263e-06,3.5347e-13,0.0,0.0
0.0,0.000217771,2.13969e-05,1.77619e-05,9.78821e-06,2.64173e-06,7.43483e-18,0.0,0.0
0.0,0.0,1.62408e-05,3.45444e-05,8.59319e-06,2.63748e-06,1.3913e-14,0.0,0.0
0.00173426,0.0,6.39653e-06,1.03393e-05,8.68898e-06,2.85816e-06,2.57324e-17,0.0,0.0
0.0,0.0,1.17051e-05,1.59817e-05,1.01582e-05,2.65025e-06,1.2892e-20,0.0,0.0
0.0,0.0,1.63774e-26,2.32226e-05,8.34607e-06,2.79729e-06,4.90169e-21,0.0,0.0
0.0,0.00021234,5.19052e-06,1.06381e-05,1.02386e-05,2.68072e-06,2.21006e-17,0.0,0.0
0.0,0.0,4.08494e-05,5.69484e-06,1.00285e-05,2.73472e-06,2.23094e-13,0.0,0.0
0.0,0.0,1.99167e-07,1.22095e-05,9.28503e-06,2.80038e-06,1.15652e-15,0.0,0.0
0.0,0.0,2.72626e-05,1.35062e-05,9.39238e-06,2.74442e-06,6.5062e-17,0.0,0.0
0.0,0.0,1.61533e-05,2.32375e-05,7.54557e-06,2.86982e-06,3.03881e-18,0.0,0.0
0.0,0.0,6.9397e-05,1.27596e-05,9.31534e-06,2.71272e-06,8.00276e-18,0.0,0.0
0.0,0.0,1.71552e-05,2.29985e-05,8.05267e-06,2.81339e-06,2.16511e-19,0.0,0.0
0.0,0.000319614,2.7232e-05,4.49379e-05,1.41317e-05,1.85908e-06,1.06101e-33,0.0,0.0
0.0,0.0,7.47722e-05,1.72419e-05,8.89493e-06,2.7096e-06,7.40349e-14,0.0,0.0
0.0,0.0,6.05429e-05,1.76411e-05,1.05527e-05,2.53321e-06,1.46135e-12,3.22299e-43,0.0
0.0,0.0,1.68773e-05,9.51601e-06,1.0324e-05,2.69016e-06,1.18231e-21,0.0,0.0
0.0,0.0,0.0,1.61983e-05,9.78632e-06,2.7037e-06,1.01768e-16,0.0,0.0
0.0,0.0,6.32334e-05,8.08203e-06,8.66219e-06,2.8408e-06,3.5339e-17,0.0,0.0
0.0,0.000396944,9.61844e-05,1.1244e-05,6.68106e-06,2.95736e-06,1.862e-15,0.0,0.0
0.0,0.000188111,5.0738e-06,1.74806e-05,1.05723e-05,2.57689e-06,6.44088e-17,0.0,0.0
0.0,0.0,6.26191e-05,1.96773e-05,9.56477e-06,2.62288e-06,4.72262e-13,0.0,0.0
0.0,0.0,8.21687e-05,1.16699e-05,6.08856e-06,3.07614e-06,3.83936e-22,0.0,0.0
0.00163973,0.0,4.59927e-05,6.50001e-06,7.07988e-06,3.03573e-06,4.29326e-19,0.0,0.0
0.0,0.0,1.60457e-05,9.43909e-06,7.42071e-06,3.02213e-06,6.65608e-15,0.0,0.0
0.0,0.000198904,0.0,1.14456e-05,9.48824e-06,2.76524e-06,8.08831e-17,0.0,0.0
0.0,0.0,0.0,1.25706e-05,8.73681e-06,2.85755e-06,1.59049e-10,8.88498e-33,0.0
0.0,0.0,4.8282e-05,1.11756e-05,1.06053e-05,2.60584e-06,6.59421e-16,0.0,0.0
0.0,0.0,7.00186e-05,1.07069e-05,7.48827e-06,2.94037e-06,3.69632e-14,0.0,0.0
0.0,0.0,4.77547e-05,6.89115e-06,8.51167e-06,2.88744e-06,1.57265e-15,0.0,0.0
0.0,0.0,1.12183e-05,2.05144e-05,5.3187e-06,3.15597e-06,3.22083e-15,0.0,0.0
0.0,0.0,0.0,2.14378e-05,1.17838e-05,2.4241e-06,1.78728e-18,0.0,0.0
0.0,0.0,2.37547e-05,1.31654e-05,5.71172e-06,3.17049e-06,3.86543e-14,0.0,0.0
0.0,0.0,4.39938e-05,1.62439e-05,7.13946e-06,2.95428e-06,1.69012e-19,0.0,0.0
0.0,0.000198466,9.57549e-12,9.33764e-06,9.19069e-06,2.82021e-06,1.03844e-16,0.0,0.0
0.00165446,0.0,1.46326e-05,9.5626e-07,9.01586e-06,2.90643e-06,3.98096e-19,0.0,0.0
0.0,0.0,1.31063e-16,2.27043e-05,4.69634e-06,3.21763e-06,2.98633e-15,0.0,0.0
0.0,0.0,6.77503e-05,3.30624e-05,1.47961e-05,1.88813e-06,1.31195e-23,0.0,0.0
0.0,0.000181807,4.29479e-05,2.08057e-05,8.45256e-06,2.74231e-06,9.12088e-19,0.0,0.0
0.0,0.0,5.96528e-10,5.13922e-06,1.07512e-05,2.70454e-06,7.43923e-18,0.0,0.0
0.0,0.0,1.38636e-05,1.34169e-05,5.79156e-06,3.17015e-06,1.19806e-18,0.0,0.0
0.0,0.0,5.20429e-05,1.21151e-05,6.10986e-06,3.10353e-06,2.78186e-14,0.0,0.0
0.0,0.0,6.42436e-16,4.12692e-05,7.68129e-06,2.69244e-06,2.7401e-23,0.0,0.0
0.0,0.0,7.40714e-05,1.64147e-05,7.81821e-06,2.84115e-06,3.85485e-15,0.0,0.0
0.0,0.0,2.82205e-05,1.8783e-05,6.25179e-06,3.04781e-06,5.11096e-16,0.0,0.0
0.0,0.0,2.93856e-05,3.64695e-05,6.66383e-06,2.82275e-06,8.70315e-23,0.0,0.0
0.0,0.0001895,1.45472e-05,1.36809e-05,8.25439e-06,2.86763e-06,1.67918e-13,0.0,0.0
0.0,0.0,9.04587e-06,1.63083e-05,8.34828e-06,2.85589e-06,2.53688e-17,0.0,0.0
0.0,0.0,8.09617e-05,1.0119e-05,7.15093e-06,2.97218e-06,9.54279e-17,0.0,0.0
0.0,0.0,2.91325e-05,2.18991e-05,8.59455e-06,2.74912e-06,1.18076e-13,0.0,0.0
0.0,0.0,2.75857e-05,1.8322e-05,9.13679e-06,2.72497e-06,1.04539e-15,0.0,0.0
0.0,0.0,0.0,3.62181e-05,7.4662e-06,2.76742e-06,1.09874e-16,0.0,0.0
0.0,0.0,3.90846e-05,2.55649e-05,1.0802e-05,2.45004e-06,7.56357e-17,0.0,0.0
0.0,0.000178101,1.62439e-05,2.17852e-05,6.55312e-06,2.97932e-06,9.08421e-23,0.0,0.0
0.0,0.0,5.91162e-05,2.81642e-05,8.24968e-06,2.69159e-06,1.52251e-16,0.0,0.0
0.0,0.0,0.0,2.16074e-05,9.09679e-06,2.72801e-06,2.97122e-12,1.12104e-44,0.0
0.0,0.0,1.86608e-05,2.14155e-05,1.01101e-05,2.59347e-06,5.134e-15,0.0,0.0
0.0,0.0,3.57862e-05,1.50059e-05,9.93537e-06,2.65796e-06,3.96543e-18,0.0,0.0
0.0,0.0,5.69012e-05,1.28557e-05,1.02788e-05,2.61638e-06,3.88966e-20,0.0,0.0
0.0,0.0,1.88029e-05,2.09244e-05,7.04264e-06,2.94715e-06,1.27896e-14,0.0,0.0
0.0,0.00022793,4.84337e-05,1.84846e-05,1.02921e-05,2.54542e-06,1.57649e-18,0.0,0.0
0.0,0.000420638,0.0,1.31938e-05,1.14236e-05,2.50544e-06,1.64538e-19,0.0,0.0
0.0,0.0,0.0,8.46919e-06,9.57834e-06,2.80465e-06,1.9881e-19,0.0,0.0
0.0,0.000218296,1.25333e-05,7.12269e-06,9.52959e-06,2.78757e-06,9.37517e-17,0.0,0.0
0.0,0.0,5.84951e-05,2.22531e-05,6.27438e-06,2.9761e-06,3.50438e-14,0.0,0.0
0.0,0.000216196,4.93456e-05,3.64918e-05,7.38077e-06,2.69665e-06,2.35652e-17,0.0,0.0
0.0,0.0,0.0,1.6693e-05,9.50304e-06,2.73097e-06,5.08052e-14,0.0,0.0
0.0,0.0,0.0,2.10181e-05,9.26121e-06,2.71523e-06,4.43666e-17,0.0,0.0
0.0,0.0,8.63727e-06,1.40654e-05,7.07745e-06,3.02334e-06,4.12195e-16,0.0,0.0
0.00165295,0.0,2.61229e-05,1.51595e-05,9.37126e-06,2.71092e-06,4.05712e-16,0.0,0.0
0.0,0.0,0.0,1.65665e-05,8.74674e-06,2.81827e-06,8.78583e-18,0.0,0.0
0.0,0.0,1.79901e-06,8.96859e-06,7.73719e-06,3.00704e-06,5.27776e-19,0.0,0.0
0.0,0.000216406,2.30471e-05,2.0498e-05,7.02434e-06,2.92702e-06,1.33253e-15,0.0,0.0
0.0,0.0,9.86715e-29,1.36405e-05,1.06603e-05,2.62987e-06,6.71822e-16,0.0,0.0
0.0,0.0,4.08272e-05,2.14139e-05,1.10932e-05,2.45645e-06,3.24191e-18,0.0,0.0
0.0,0.0,2.30531e-05,1.37022e-05,8.35118e-06,2.86569e-06,2.36669e-19,0.0,0.0
0.0,0.0,3.17635e-05,1.50665e-05,9.86476e-06,2.66996e-06,7.33379e-25,0.0,0.0
0.0,0.0,7.83557e-05,2.18787e-05,6.85475e-06,2.89123e-06,3.81921e-14,0.0,0.0
0.0,0.0,2.80514e-05,1.20454e-05,1.10905e-05,2.56497e-06,5.72984e-16,0.0,0.0
0.0,0.0,0.0,2.12452e-05,8.96843e-06,2.74627e-06,6.94488e-18,0.0,0.0
0.0,0.0,6.66119e-05,1.91321e-05,9.72161e-06,2.60595e-06,6.19305e-17,0.0,0.0
0.0,0.0,5.75407e-05,2.54469e-05,8.74959e-06,2.66369e-06,3.36844e-19,0.0,0.0
0.0,0.000220889,3.45963e-05,3.35667e-05,6.58506e-06,2.83272e-06,9.0563e-17,0.0,0.0
0.0,0.0,3.05183e-06,1.17583e-05,9.16953e-06,2.81479e-06,6.3e-15,0.0,0.0
0.0,1.66969e-05,4.94437e-05,4.56086e-05,1.25982e-05,2.03184e-06,1.36339e-23,0.0,0.0
0.0,0.0,2.97051e-05,1.2184e-05,7.38827e-06,2.98283e-06,2.52033e-16,0.0,0.0
0.0,0.0,9.16025e-05,3.41492e-05,9.75642e-06,2.4234e-06,1.33714e-18,0.0,0.0
0.0,0.0,7.71386e-06,2.21581e-05,8.7831e-06,2.74944e-06,1.90098e-18,0.0,0.0
0.0,0.0,2.4769e-05,2.41255e-05,6.95958e-06,2.9178e-06,6.56017e-17,0.0,0.0
0.0,0.0,1.01367e-22,1.52151e-05,9.90764e-06,2.69973e-06,7.90279e-21,0.0,0.0
0.0,0.0,4.94486e-05,1.20707e-05,1.05709e-05,2.59948e-06,1.20991e-16,0.0,0.0
0.0,0.0,3.87327e-05,1.67311e-05,9.43651e-06,2.6941e-06,2.64815e-17,0.0,0.0
0.0,0.00019411,3.91317e-05,2.39862e-05,7.94212e-06,2.77168e-06,1.63155e-19,0.0,0.0
0.0,0.000178396,4.13954e-05,2.1221e-05,7.29325e-06,2.87213e-06,2.97016e-18,0.0,0.0
0.0,0.0,3.48043e-07,3.9311e-06,1.01942e-05,2.77958e-06,4.20076e-21,0.0,0.0
0.0,0.000195456,1.62419e-25,1.88149e-05,1.07625e-05,2.54695e-06,1.47656e-18,0.0,0.0
0.0,0.0,2.05304e-05,2.18341e-05,8.08564e-06,2.81744e-06,6.94866e-20,0.0,0.0
0.0,0.0,3.29778e-05,3.86535e-06,6.59431e-06,3.15261e-06,6.00461e-15,0.0,0.0
0.0,0.000205066,6.06544e-06,1.10676e-05,8.175e-06,2.91089e-06,2.92392e-17,0.0,0.0
0.0,0.0,0.0,1.67194e-05,9.27463e-06,2.75669e-06,2.71489e-19,0.0,0.0
0.0,0.0,3.25395e-06,2.55721e-05,6.12771e-06,3.02243e-06,1.70827e-16,0.0,0.0
0.0,0.0,4.66495e-05,2.191e-05,1.02579e-05,2.53988e-06,7.74666e-20,0.0,0.0
0.00176199,0.0,1.52335e-05,3.98933e-06,8.05962e-06,2.98285e-06,1.32507e-18,0.0,0.0
0.0,0.0,7.94586e-05,1.82617e-05,8.99553e-06,2.68263e-06,3.42166e-18,0.0,0.0
0.0,0.0,1.88241e-05,1.94632e-05,5.05727e-06,3.18757e-06,6.1028e-18,0.0,0.0
0.0,0.0,2.89678e-05,1.96054e-05,8.55093e-06,2.7772e-06,9.17166e-17,0.0,0.0
0.0,0.0,1.6856e-05,2.15414e-05,8.39225e-06,2.78967e-06,1.14273e-17,0.0,0.0
0.0,0.00014912,6.22495e-05,2.44499e-05,9.76642e-06,2.53773e-06,9.67761e-23,0.0,0.0
0.0,0.0,0.0,2.01266e-05,8.49098e-06,2.81176e-06,4.86831e-18,0.0,0.0
0.0,0.0,3.29672e-05,1.10296e-05,9.13064e-06,2.79247e-06,4.69801e-16,0.0,0.0
0.0,0.0,1.80706e-06,2.40092e-08,1.30296e-05,2.49446e-06,2.42511e-18,0.0,0.0
0.0,0.0,4.3722e-05,2.51949e-05,1.25922e-05,2.24482e-06,9.76772e-13,0.0,0.0
0.0,0.0,2.36974e-05,1.75049e-05,6.69342e-06,3.0155e-06,5.33051e-20,0.0,0.0
0.0,0.000203864,1.01719e-23,1.9313e-05,1.04573e-05,2.57585e-06,2.23481e-16,0.0,0.0
0.0,0.000166307,4.79214e-05,2.26367e-05,8.70919e-06,2.6907e-06,6.19959e-15,0.0,0.0
0.0,0.0,2.13979e-05,1.89041e-05,1.26762e-05,2.32358e-06,7.43703e-14,0.0,0.0
0.0,0.0,1.20468e-05,2.08624e-06,7.44607e-06,3.09638e-06,8.29055e-11,2.16695e-34,0.0
0.0,0.0,5.9393e-06,1.31056e-05,9.6695e-06,2.74116e-06,4.90107e-14,0.0,0.0
0.0,0.0,7.58864e-05,7.26564e-06,6.29301e-06,3.10407e-06,7.84428e-18,0.0,0.0
0.0,0.0,2.89832e-05,9.7649e-06,8.1728e-06,2.9186e-06,7.04184e-16,0.0,0.0
0.0,0.0,0.0,2.37894e-05,7.10029e-06,2.93332e-06,1.53426e-17,0.0,0.0
0.0,0.0,2.18491e-07,1.92104e-05,9.04486e-06,2.75767e-06,1.22032e-20,0.0,0.0
0.0,0.0,0.0,1.1536e-05,9.86137e-06,2.74179e-06,2.18428e-20,0.0,0.0
0.0,0.0,4.21329e-05,6.1936e-06,8.65878e-06,2.88408e-06,7.50315e-17,0.0,0.0
0.0,0.0,4.25547e-05,1.60399e-05,1.0464e-05,2.5798e-06,1.47279e-17,0.0,0.0
0.0,0.0,3.11465e-05,2.79245e-05,9.81235e-06,2.54805e-06,1.26535e-13,0.0,0.0
0.0,0.0,1.46884e-12,2.22847e-05,5.96079e-06,3.07799e-06,3.09581e-22,0.0,0.0
0.0,0.0,1.78987e-05,3.05386e-05,7.96376e-06,2.74725e-06,6.88576e-16,0.0,0.0
0.0,0.0,1.52202e-05,1.20354e-05,9.21943e-06,2.7925e-06,4.97139e-13,0.0,0.0
0.0,0.0,4.07676e-05,3.10984e-05,8.17382e-06,2.69175e-06,8.94621e-16,0.0,0.0
0.0,0.0,3.12902e-05,2.60399e-05,7.2691e-06,2.85603e-06,3.29463e-15,0.0,0.0
0.0,0.0,4.72692e-35,1.91701e-05,1.01292e-05,2.63498e-06,6.4562e-16,0.0,0.0
0.0,0.0,3.43707e-05,1.50675e-05,7.00153e-06,2.99268e-06,3.83585e-21,0.0,0.0
0.0,0.0,0.0,2.36487e-05,8.43791e-06,2.78258e-06,6.28469e-14,0.0,0.0
0.0,0.0,3.24e-05,3.00331e-05,8.41054e-06,2.68499e-06,7.78209e-17,0.0,0.0
0.0,0.0,4.97608e-05,1.24314e-05,8.86854e-06,2.78912e-06,3.70953e-12,0.0,0.0
0.0,0.0,0.0,1.30924e-05,9.24511e-06,2.79632e-06,1.80379e-18,0.0,0.0
0.0,0.0,2.723e-05,1.70513e-05,1.04685e-05,2.58659e-06,1.19674e-14,0.0,0.0
0.0,0.0,3.51628e-05,4.19846e-05,9.92051e-06,2.39058e-06,9.76271e-23,0.0,0.0
0.0,0.0,3.95636e-05,2.41894e-05,7.96692e-06,2.78574e-06,3.20042e-19,0.0,0.0
0.0,0.0,1.98905e-05,9.36565e-06,8.30549e-06,2.91785e-06,5.41902e-16,0.0,0.0
0.00174765,0.000425794,0.000105634,1.3104e-05,7.8103e-06,2.77483e-06,1.06242e-19,0.0,0.0
0.0,0.000208143,1.29822e-05,1.77712e-05,1.07792e-05,2.53942e-06,2.76351e-12,5.84341e-43,0.0
0.0,0.0,4.21055e-28,1.45412e-05,1.0134e-05,2.68072e-06,3.44242e-19,0.0,0.0
0.0,0.0,0.0,2.96962e-05,8.68491e-06,2.69401e-06,2.75351e-15,0.0,0.0
0.0,0.0,8.61576e-05,1.40156e-05,9.12712e-06,2.70251e-06,9.236e-17,0.0,0.0
0.0,0.0,2.21962e-05,1.82193e-05,1.17251e-05,2.43771e-06,4.98466e-16,0.0,0.0
0.0,0.000208237,2.19288e-05,1.26407e-05,1.00024e-05,2.66893e-06,7.73527e-14,0.0,0.0
0.0,0.0,5.3921e-06,2.2696e-05,9.90302e-06,2.61931e-06,1.18159e-15,0.0,0.0
0.0,0.0,0.0,1.63434e-05,1.33132e-05,2.30107e-06,3.44842e-14,0.0,0.0
0.0,0.000203347,3.11727e-05,1.42285e-05,9.79238e-06,2.66692e-06,5.60365e-18,0.0,0.0
0.0,0.000207759,1.03591e-20,1.73404e-05,1.06727e-05,2.57068e-06,2.2282e-18,0.0,0.0
0.0,0.000209584,0.0,1.06004e-05,9.54975e-06,2.76563e-06,3.20942e-16,0.0,0.0
0.0,0.0,3.8778e-05,1.67204e-05,9.02443e-06,2.74103e-06,1.02818e-13,0.0,0.0
0.0,0.0,8.19597e-05,4.92325e-06,7.42948e-06,2.99131e-06,1.20815e-14,0.0,0.0
0.0,0.000199517,3.18708e-05,2.40034e-05,7.92204e-06,2.78151e-06,1.32386e-16,0.0,0.0
0.0,0.000192814,0.0,1.37301e-05,8.77727e-06,2.82388e-06,8.40065e-18,0.0,0.0
0.0,0.0,2.13625e-05,1.29492e-05,7.54461e-06,2.96689e-06,4.84493e-21,0.0,0.0
0.0,0.0,1.79558e-05,6.97862e-06,9.47581e-06,2.81079e-06,4.16379e-16,0.0,0.0
0.0,0.0,0.0,1.84618e-05,7.62765e-06,2.92661e-06,1.81226e-16,0.0,0.0
0.0,0.0,3.35045e-05,7.02332e-06,8.20667e-06,2.93702e-06,1.87995e-18,0.0,0.0
0.0,0.0,5.61621e-05,1.32107e-05,9.19073e-06,2.73744e-06,3.81261e-18,0.0,0.0
0.0,0.0,7.92391e-05,3.54602e-05,1.39422e-05,1.94822e-06,1.75108e-25,0.0,0.0
0.0,0.0,1.15098e-05,5.35972e-06,8.78153e-06,2.91329e-06,9.24023e-14,0.0,0.0
0.0,0.0,4.59746e-05,9.24959e-06,7.63111e-06,2.96605e-06,3.66412e-15,0.0,0.0
0.0,0.00020403,4.1511e-05,1.80541e-05,7.00486e-06,2.93391e-06,4.7925e-20,0.0,0.0
0.0,0.0,5.61242e-05,3.77411e-06,7.96986e-06,2.97069e-06,3.14109e-12,1.4013e-45,0.0
0.0,0.0,1.49708e-05,1.7708e-05,8.68512e-06,2.79684e-06,1.7952e-16,0.0,0.0
0.0,0.0,0.0,1.72992e-05,8.15753e-06,2.87797e-06,5.32517e-15,0.0,0.0
0.0,0.0,0.0,9.69751e-06,7.09046e-06,3.07536e-06,2.0468e-19,0.0,0.0
0.0,0.000178032,7.25441e-06,1.22545e-05,1.00564e-05,2.68637e-06,4.08563e-17,0.0,0.0
0.0,0.0,7.9151e-05,1.55399e-05,9.81947e-06,2.61648e-06,1.73143e-15,0.0,0.0
0.0,0.0,3.61053e-14,1.73745e-05,9.40441e-06,2.73538e-06,1.83433e-17,0.0,0.0
0.0,0.000417359,0.0,2.10532e-05,8.01206e-06,2.81524e-06,5.10814e-16,0.0,0.0
0.0,0.000204341,4.4841e-05,1.42587e-05,9.50703e-06,2.68342e-06,9.26011e-15,0.0,0.0
0.0,0.0,1.50213e-05,1.52076e-05,9.38336e-06,2.74236e-06,1.75932e-18,0.0,0.0
0.0,0.0,2.17642e-05,1.90485e-05,7.75679e-06,2.8813e-06,1.46491e-15,0.0,0.0
0.0,0.000206792,4.62739e-05,2.31744e-05,6.83487e-06,2.89635e-06,1.36688e-15,0.0,0.0
0.0,0.0,8.53062e-06,3.18013e-05,8.0407e-06,2.73653e-06,1.162e-19,0.0,0.0
0.0,0.000203965,1.22533e-05,1.33545e-05,1.06605e-05,2.59835e-06,8.6211e-13,0.0,0.0
0.0,0.000185152,2.57151e-05,2.65217e-05,6.36672e-06,2.94168e-06,5.80065e-16,0.0,0.0
0.0,0.0,0.0,7.46286e-07,1.15097e-05,2.66218e-06,2.50121e-16,0.0,0.0
0.0,0.0,2.14237e-05,2.44294e-05,1.08835e-05,2.47221e-06,2.96023e-20,0.0,0.0
0.0,0.000209044,1.72452e-05,1.3484e-05,9.20893e-06,2.756e-06,2.41119e-17,0.0,0.0
0.0,0.000192525,0.0,7.86381e-06,1.14084e-05,2.58328e-06,3.34007e-16,0.0,0.0
0.0,0.0,3.24122e-05,1.04914e-05,1.257e-05,2.40726e-06,7.87443e-21,0.0,0.0
0.0,0.0,1.43863e-31,1.65619e-05,8.98572e-06,2.79113e-06,6.95688e-15,0.0,0.0
0.0,0.0,7.17569e-07,1.20146e-05,7.55462e-06,2.99858e-06,4.17107e-15,0.0,0.0
0.0,0.000409139,4.83034e-05,6.34716e-06,9.86956e-06,2.69688e-06,3.08673e-17,0.0,0.0
0.0,0.0,1.41835e-05,1.79565e-05,8.95737e-06,2.76428e-06,6.94407e-19,0.0,0.0
0.0,0.0,3.04779e-30,2.12723e-05,9.36959e-06,2.70036e-06,3.12558e-17,0.0,0.0
0.0,0.0,0.0,6.55775e-06,9.82544e-06,2.79566e-06,2.35687e-15,0.0,0.0
0.0,0.0,3.34449e-05,1.14578e-05,7.48214e-06,2.97516e-06,1.49175e-15,0.0,0.0
0.0,0.0,4.09544e-05,1.84534e-05,1.13919e-05,2.45193e-06,1.9197e-14,0.0,0.0
0.0,0.0,7.79912e-05,1.03442e-05,1.08169e-05,2.55629e-06,1.59383e-19,0.0,0.0
0.0,0.0,2.10027e-05,1.55688e-05,8.25358e-06,2.86045e-06,1.46226e-16,0.0,0.0
0.0,0.0,3.05039e-05,1.03422e-05,7.29642e-06,3.01079e-06,1.02855e-15,0.0,0.0
0.0,0.0,0.0,1.58182e-05,8.54656e-06,2.84852e-06,1.60036e-16,0.0,0.0
0.00175875,0.0,0.0,7.51053e-06,1.01748e-05,2.72441e-06,2.14277e-19,0.0,0.0
0.0,0.000212797,2.1314e-05,1.82734e-05,9.77562e-06,2.63864e-06,5.6239e-16,0.0,0.0
0.0,0.0,2.62305e-06,1.39586e-05,1.02955e-05,2.66519e-06,7.64387e-17,0.0,0.0
0.0,0.0,0.0,2.19034e-05,8.79712e-06,2.75917e-06,3.06627e-14,0.0,0.0
0.0,0.000209574,3.22707e-06,2.88238e-05,6.34619e-06,2.94413e-06,1.50841e-15,0.0,0.0
0.0,0.0,6.7622e-05,3.79016e-05,6.60313e-06,2.77183e-06,5.69734e-20,0.0,0.0
0.0,0.0,0.0,1.05358e-05,9.3677e-06,2.80794e-06,1.23707e-14,0.0,0.0
0.0,0.0,3.13106e-05,6.71877e-06,8.51916e-06,2.90702e-06,3.80182e-17,0.0,0.0
0.0,0.0,0.0,2.52113e-05,9.70396e-06,2.62289e-06,3.91867e-12,1.55396e-40,0.0
0.0,0.000210506,4.28778e-05,1.41887e-05,9.0022e-06,2.74317e-06,3.88413e-18,0.0,0.0
0.0,0.0,0.0,1.79719e-05,8.20059e-06,2.86634e-06,2.4798e-18,0.0,0.0
0.0,0.000179229,2.05675e-05,1.72702e-05,8.67187e-06,2.77843e-06,8.65023e-17,0.0,0.0
0.0,0.000190719,0.000102954,1.55759e-05,9.82289e-06,2.56958e-06,1.22186e-16,0.0,0.0
0.0,0.0,2.33255e-05,2.63712e-05,6.42634e-06,2.95764e-06,3.24048e-16,0.0,0.0
0.0,0.0,6.82249e-10,2.53291e-05,7.57701e-06,2.8637e-06,2.03416e-14,0.0,0.0
0.0,0.000121476,1.80945e-05,3.73071e-05,6.62948e-06,2.81897e-06,8.29643e-18,0.0,0.0
0.0,0.0,0.0,6.31014e-06,9.39035e-06,2.84762e-06,2.72021e-16,0.0,0.0
0.0,0.000175617,3.96705e-06,7.42421e-07,8.31608e-06,3.00342e-06,1.32915e-16,0.0,0.0
0.0,0.000220528,0.0,2.39877e-05,9.28374e-06,2.66092e-06,1.31132e-15,0.0,0.0
0.0,0.000219401,4.70048e-05,1.95869e-05,1.00128e-05,2.56864e-06,1.97014e-17,0.0,0.0
0.0,0.0,6.39139e-05,1.61187e-05,9.30278e-06,2.6868e-06,3.34691e-14,0.0,0.0
0.0,0.0,1.73286e-05,3.79762e-06,6.70722e-06,3.15824e-06,1.88586e-17,0.0,0.0
0.0,0.0,2.51449e-05,1.54134e-05,1.02984e-05,2.6247e-06,3.81592e-14,0.0,0.0
0.0,0.0,0.0,7.18874e-06,1.01264e-05,2.75512e-06,7.18968e-19,0.0,0.0
0.0,0.0,1.4161e-05,2.03268e-05,7.27263e-06,2.93224e-06,1.25496e-23,0.0,0.0
0.0,0.0,3.44471e-05,1.22462e-05,9.56473e-06,2.72924e-06,3.33261e-19,0.0,0.0
0.0,0.0,0.0,2.03025e-05,9.36661e-06,2.7104e-06,3.73332e-13,0.0,0.0
0.0,0.0,4.36581e-05,9.05744e-06,8.32839e-06,2.89129e-06,2.37229e-15,0.0,0.0
0.0,0.0,0.0,1.13348e-05,9.17836e-06,2.82149e-06,1.35253e-20,0.0,0.0
0.0,0.0,3.01217e-05,1.60944e-05,7.67743e-06,2.91036e-06,3.91602e-15,0.0,0.0
0.0,0.0,0.0,1.97744e-05,9.0259e-06,2.75438e-06,4.93291e-12,3.43178e-42,0.0
0.0,0.000199694,2.70039e-05,1.74729e-05,6.99064e-06,2.95828e-06,1.95267e-20,0.0,0.0
0.0,0.000213704,1.26543e-25,3.23599e-05,1.03219e-05,2.4598e-06,9.46215e-17,0.0,0.0
0.0,0.0,3.21809e-05,1.71865e-05,9.29143e-06,2.71351e-06,4.22596e-14,0.0,0.0
0.0,0.0,5.30037e-06,2.68011e-05,1.13704e-05,2.41146e-06,1.25252e-16,0.0,0.0
0.0,0.0,0.0,6.3452e-06,8.7772e-06,2.91702e-06,1.25208e-19,0.0,0.0
0.0,0.000201471,0.0,1.69205e-05,7.02254e-06,2.99071e-06,3.10985e-15,0.0,0.0
0.0,0.000172281,9.3095e-06,8.58354e-06,9.50043e-06,2.78455e-06,1.92914e-18,0.0,0.0
0.0,0.000214867,5.61609e-05,2.07292e-05,9.56262e-06,2.59847e-06,8.70279e-16,0.0,0.0
0.0,0.0,4.89978e-16,1.80609e-05,1.02064e-05,2.63728e-06,6.59365e-17,0.0,0.0
0.0,0.0,6.15903e-08,2.35082e-05,8.86506e-06,2.73532e-06,9.00883e-20,0.0,0.0
0.0,0.000402707,0.0,2.68747e-05,7.81886e-06,2.78046e-06,1.1089e-14,0.0,0.0
0.0,0.0,3.37192e-05,2.78676e-05,8.36941e-06,2.70982e-06,2.83013e-18,0.0,0.0
0.0,0.0,3.09791e-05,2.91399e-10,7.68009e-06,3.07002e-06,8.21898e-18,0.0,0.0
0.0,0.0,2.62076e-05,1.67853e-05,7.57305e-06,2.91978e-06,7.1194e-19,0.0,0.0
0.0,0.0,5.00287e-05,7.84043e-06,5.58432e-06,3.20831e-06,3.14871e-12,1.60449e-42,0.0
0.0,0.0,2.51323e-05,2.32929e-05,8.90837e-06,2.70403e-06,2.73068e-14,0.0,0.0
0.0,0.0,1.10435e-05,1.61397e-05,8.04654e-06,2.88963e-06,1.26915e-16,0.0,0.0
0.0,0.000205099,6.23748e-05,1.72457e-05,6.74564e-06,2.94764e-06,1.50236e-14,0.0,0.0
0.0,0.0,1.87751e-05,2.16056e-05,1.06784e-05,2.52679e-06,3.64525e-21,0.0,0.0
0.0,0.0,3.69808e-06,3.55942e-05,6.28988e-06,2.90325e-06,5.30073e-14,0.0,0.0
0.00172807,0.0,8.36442e-05,1.23796e-05,8.6339e-06,2.75623e-06,6.45276e-16,0.0,0.0
0.0,0.0,3.05284e-05,1.39723e-05,6.80675e-06,3.03016e-06,6.7708e-19,0.0,0.0
0.0,0.0,2.49822e-05,6.55658e-06,7.3123e-06,3.05312e-06,3.42234e-20,0.0,0.0
0.0,0.0,2.81733e-05,8.58054e-06,7.43261e-06,3.01557e-06,1.45145e-17,0.0,0.0
0.0,0.0,5.39037e-05,1.45605e-05,6.86966e-06,2.99053e-06,3.33133e-15,0.0,0.0
0.0,0.000171154,4.37073e-05,1.54087e-05,1.04114e-05,2.57366e-06,1.81624e-18,0.0,0.0
0.0,0.0,8.75786e-06,2.02555e-05,9.57933e-06,2.67671e-06,3.22313e-17,0.0,0.0
0.0,0.0,3.0859e-05,1.85691e-05,7.38882e-06,2.9176e-06,4.05872e-14,0.0,0.0
0.0,0.0,2.39218e-05,2.20077e-05,8.7773e-06,2.73317e-06,1.37661e-14,0.0,0.0
0.0,0.0,6.04621e-05,2.30134e-05,5.59045e-06,3.04405e-06,1.02357e-20,0.0,0.0
0.0,0.0,4.88146e-05,1.76603e-05,8.46571e-06,2.78377e-06,2.53319e-14,0.0,0.0
0.0,0.0,2.27398e-05,2.21362e-05,1.03013e-05,2.55987e-06,4.07391e-13,0.0,0.0
0.0,0.0,0.0,2.42154e-05,7.92342e-06,2.83543e-06,2.29972e-19,0.0,0.0
0.0,0.000210896,1.28254e-23,1.12951e-05,1.11705e-05,2.57419e-06,6.98625e-18,0.0,0.0
0.0,0.0,3.47168e-07,1.28877e-05,9.8929e-06,2.72429e-06,1.34034e-21,0.0,0.0
0.0,0.0,1.47186e-05,1.87043e-05,6.32449e-06,3.05568e-06,1.16833e-13,0.0,0.0
0.0,0.0,3.20908e-05,1.93498e-05,9.65517e-06,2.6506e-06,6.65695e-15,0.0,0.0
0.0,0.0,5.12773e-05,2.22372e-05,9.13178e-06,2.65944e-06,1.46056e-20,0.0,0.0
0.0,0.000211392,2.47678e-05,8.33134e-06,8.31462e-06,2.90045e-06,8.46228e-13,0.0,0.0
0.0,0.0,6.47683e-05,1.08176e-05,7.05463e-06,2.99456e-06,9.98245e-18,0.0,0.0
0.0,0.0,2.00841e-20,1.46921e-05,1.04137e-05,2.6474e-06,3.089e-19,0.0,0.0
0.0,0.0,2.37584e-05,1.82484e-05,8.54321e-06,2.79758e-06,4.95643e-14,0.0,0.0
0.0,0.0,0.0,8.61974e-06,7.11795e-06,3.08301e-06,2.81049e-17,0.0,0.0
0.0,0.000398976,3.10275e-05,8.97593e-06,7.22543e-06,2.99203e-06,2.19388e-19,0.0,0.0
0.0,0.0,1.99733e-05,1.48443e-05,9.65385e-06,2.70959e-06,5.75687e-18,0.0,0.0
0.0,0.0,2.23938e-05,1.82626e-05,7.08555e-06,2.9648e-06,9.11885e-19,0.0,0.0
0.0,0.000199093,0.0,1.6707e-05,9.84788e-06,2.6717e-06,1.51647e-20,0.0,0.0
0.00167151,0.0,4.01918e-06,1.4254e-05,1.05873e-05,2.60656e-06,3.56859e-14,0.0,0.0
0.0,0.0,1.14908e-05,1.92606e-05,9.13999e-06,2.73353e-06,7.98055e-20,0.0,0.0
0.00162332,0.0,0.0,8.76515e-06,8.65001e-06,2.887e-06,2.52416e-15,0.0,0.0
0.0,0.0,1.50427e-05,9.21596e-06,1.11117e-05,2.60565e-06,1.191e-17,0.0,0.0
0.0,0.0,0.0,2.27416e-05,9.9195e-06,2.62312e-06,1.52116e-21,0.0,0.0
0.0,0.0,0.0,2.48545e-05,9.77153e-06,2.61882e-06,5.09982e-20,0.0,0.0
0.0,0.0,1.50106e-05,1.48082e-05,7.53838e-06,2.95623e-06,3.93123e-17,0.0,0.0
0.0,0.0,0.0,2.77122e-05,8.41442e-06,2.74461e-06,1.09313e-16,0.0,0.0
0.0,0.0,5.24529e-05,2.06357e-05,8.05763e-06,2.7963e-06,1.45207e-17,0.0,0.0
0.0,0.000211967,4.41383e-05,8.59052e-06,9.22432e-06,2.7723e-06,3.31544e-19,0.0,0.0
0.0,0.0,1.05e-05,1.80796e-05,7.28206e-06,2.9578e-06,1.94751e-14,0.0,0.0
0.0,0.0,1.49932e-05,1.06844e-05,1.0029e-05,2.71418e-06,6.74875e-22,0.0,0.0
0.0,0.0,2.85258e-05,1.34838e-05,1.04873e-05,2.61867e-06,1.38497e-18,0.0,0.0
0.0,0.0,7.20889e-05,2.91246e-05,7.70558e-06,2.72912e-06,1.23627e-16,0.0,0.0
0.0,0.0,3.3111e-05,9.66267e-06,7.80574e-06,2.95668e-06,2.54812e-20,0.0,0.0
0.00160436,0.0,6.18401e-05,1.06972e-05,7.65464e-06,2.91079e-06,3.23507e-15,0.0,0.0
0.0,0.0,8.80763e-06,1.76752e-05,7.69493e-06,2.91681e-06,1.4423e-17,0.0,0.0
0.0,0.0,0.000109935,1.84338e-05,8.54731e-06,2.69723e-06,1.87885e-17,0.0,0.0
0.0,0.0,2.95005e-06,6.27289e-17,9.05496e-06,2.94552e-06,1.68442e-16,0.0,0.0
0.0,0.0,0.00015704,1.90419e-05,8.95088e-06,2.59163e-06,3.09571e-12,0.0,0.0
0.0,0.0,4.44397e-05,1.13118e-05,8.00888e-06,2.9042e-06,1.79876e-16,0.0,0.0
0.0,0.0,0.0,1.64146e-05,1.22131e-05,2.4255e-06,2.11598e-16,0.0,0.0
0.0,0.0,1.64555e-05,1.3865e-05,7.33949e-06,2.98663e-06,7.37818e-13,0.0,0.0
0.0,0.0,6.21927e-05,2.2454e-05,9.99531e-06,2.54663e-06,1.22747e-18,0.0,0.0
0.0,0.0,3.3179e-05,1.25253e-05,7.39644e-06,2.97454e-06,1.86974e-17,0.0,0.0
0.0,0.0,7.70043e-05,2.69038e-05,6.99566e-06,2.82649e-06,6.47226e-16,0.0,0.0
0.0,0.0,0.0,1.18922e-05,8.54403e-06,2.88807e-06,3.72563e-17,0.0,0.0
0.0,0.0,4.71342e-05,2.89977e-05,8.99752e-06,2.61182e-06,2.15256e-15,0.0,0.0
0.0,0.0,2.65595e-07,6.7977e-08,8.68916e-06,2.9895e-06,1.96973e-18,0.0,0.0
0.0,0.0,2.15437e-05,1.74532e-05,8.88854e-06,2.76877e-06,1.14624e-19,0.0,0.0
0.0,0.0,2.83142e-06,3.17217e-06,8.56333e-06,2.96986e-06,6.52561e-16,0.0,0.0
0.00173323,0.0,1.49903e-05,1.0694e-05,7.66236e-06,2.96163e-06,1.30557e-15,0.0,0.0
0.0,0.0,4.71212e-05,1.35417e-05,8.39542e-06,2.83488e-06,3.33421e-19,0.0,0.0
0.0,0.000227291,4.06306e-05,1.36816e-05,1.02319e-05,2.60923e-06,2.30988e-15,0.0,0.0
0.0,0.0,2.70359e-05,1.41231e-05,6.95371e-06,3.01591e-06,8.60784e-19,0.0,0.0
0.0,0.0,6.648e-05,2.68149e-05,8.89252e-06,2.62358e-06,1.78356e-18,0.0,0.0
0.0,0.0,1.09097e-05,7.39846e-06,6.3253e-06,3.17297e-06,1.15347e-12,0.0,0.0
0.00190736,0.0,9.7818e-05,8.27348e-06,9.19136e-06,2.71551e-06,1.85596e-15,0.0,0.0
0.0,0.0,2.23625e-05,7.8728e-06,9.81219e-06,2.75857e-06,1.13264e-17,0.0,0.0
0.0,0.000159648,2.74616e-05,2.29628e-05,9.03315e-06,2.67453e-06,1.68178e-19,0.0,0.0
0.0,0.0,5.33685e-05,1.00943e-05,5.80293e-06,3.15714e-06,1.00464e-15,0.0,0.0
0.0,0.0,0.0,1.27061e-05,8.68641e-06,2.86374e-06,4.98925e-17,0.0,0.0
0.0,0.000225255,3.2524e-05,1.16641e-05,9.72129e-06,2.69692e-06,1.40634e-16,0.0,0.0
0.0,0.000165355,1.87358e-05,2.90801e-06,9.44403e-06,2.83769e-06,7.12301e-20,0.0,0.0
0.0,0.0,4.61515e-05,2.38053e-05,1.02175e-05,2.52608e-06,3.80088e-15,0.0,0.0
0.0,0.000194344,1.56323e-20,5.87343e-06,7.84351e-06,3.00851e-06,2.56061e-20,0.0,0.0
0.0,0.0,1.36575e-23,1.30863e-05,8.84564e-06,2.84182e-06,3.68057e-15,0.0,0.0
0.0,0.0,4.4548e-05,1.57482e-05,7.54479e-06,2.9125e-06,4.05116e-17,0.0,0.0
0.0,0.0,4.09832e-09,1.76092e-05,9.05471e-06,2.7728e-06,2.881e-13,0.0,0.0
0.0,0.0,5.38683e-05,1.58868e-05,1.07083e-05,2.54066e-06,1.08685e-16,0.0,0.0
0.0,0.0,0.0,3.1165e-05,8.5841e-06,2.69079e-06,3.59039e-20,0.0,0.0
0.0,0.0,8.83902e-05,1.44686e-05,7.91121e-06,2.83375e-06,2.74493e-16,0.0,0.0
0.0,0.000211184,4.78643e-05,1.36836e-05,1.23642e-05,2.36005e-06,4.79146e-14,0.0,0.0
0.0,0.0,3.21318e-05,1.07259e-05,9.47665e-06,2.7571e-06,1.78921e-18,0.0,0.0
0.0,0.0,0.0,3.22821e-05,8.21238e-06,2.7219e-06,1.93642e-16,0.0,0.0
0.0,0.0,1.02935e-05,2.09784e-05,7.70116e-06,2.88138e-06,1.95244e-17,0.0,0.0
0.0,0.0,1.27368e-05,2.70765e-05,6.9015e-06,2.90857e-06,3.44313e-13,0.0,0.0
0.0,0.0,0.0,1.42706e-05,9.7302e-06,2.72935e-06,6.54821e-13,0.0,0.0
0.0,0.0,2.41476e-05,3.20965e-05,5.01813e-06,3.05963e-06,3.11685e-20,0.0,0.0
0.0,0.0,4.85645e-05,1.78478e-05,8.31287e-06,2.79957e-06,9.02359e-16,0.0,0.0
0.0,0.0,6.82161e-05,9.23154e-06,6.1494e-06,3.10947e-06,7.01203e-14,0.0,0.0
0.0,0.0,5.02246e-05,9.20422e-06,9.32885e-06,2.76855e-06,8.58956e-14,0.0,0.0
0.0,0.000192676,3.60112e-05,8.04726e-06,1.26942e-05,2.3942e-06,6.90352e-20,0.0,0.0
0.0,0.0,2.94784e-05,2.92328e-05,7.23935e-06,2.82954e-06,7.63377e-16,0.0,0.0
0.0,0.0,1.31547e-06,2.40555e-05,1.23122e-05,2.33631e-06,1.59975e-18,0.0,0.0
0.0,0.0,5.38233e-06,1.67369e-05,7.72575e-06,2.92658e-06,2.83725e-16,0.0,0.0
0.0,0.0,7.34609e-05,3.03262e-05,9.27125e-06,2.53727e-06,1.60222e-11,5.18374e-37,0.0
0.0,0.000204829,4.91166e-06,2.16164e-05,1.05512e-05,2.53644e-06,2.95097e-13,0.0,0.0
0.0,0.0,1.75979e-05,1.55361e-05,9.92202e-06,2.67487e-06,1.33044e-20,0.0,0.0
0.0,0.0,1.16224e-05,1.39341e-05,9.28349e-06,2.77032e-06,2.30371e-14,0.0,0.0
0.00163498,0.0,0.0,1.04304e-05,1.03947e-05,2.67174e-06,1.59366e-16,0.0,0.0
0.0,0.000438019,3.2125e-14,2.06326e-05,9.63122e-06,2.6332e-06,1.88473e-17,0.0,0.0
0.0,0.0,4.93923e-05,8.42892e-06,7.57202e-06,2.97709e-06,8.53486e-14,0.0,0.0
0.0,0.0,3.22393e-05,1.86883e-05,8.54148e-06,2.78373e-06,5.88808e-14,0.0,0.0
0.0,0.0,7.27321e-05,2.48013e-05,8.92089e-06,2.63338e-06,1.32068e-20,0.0,0.0
0.00173745,0.0,5.51793e-05,1.00853e-05,9.10562e-06,2.75778e-06,3.95169e-16,0.0,0.0
0.0,0.0,4.69163e-05,1.46129e-05,1.04287e-05,2.59311e-06,3.76825e-15,0.0,0.0
0.0,0.0,0.0,1.44444e-05,1.06261e-05,2.62572e-06,2.97153e-16,0.0,0.0
0.0,0.0,1.13644e-23,1.99886e-05,7.79912e-06,2.89184e-06,4.59842e-17,0.0,0.0
0.0,0.0,1.54735e-05,1.35207e-05,1.10386e-05,2.57043e-06,2.90647e-15,0.0,0.0
0.0,0.0,2.54466e-05,1.00126e-05,1.01705e-05,2.69291e-06,3.55084e-21,0.0,0.0
0.0,0.000181369,6.64629e-05,1.67971e-05,1.02934e-05,2.54629e-06,1.10522e-17,0.0,0.0
0.0,0.0,2.25287e-06,1.52594e-05,7.26512e-06,2.99731e-06,8.40346e-17,0.0,0.0
0.0,0.0,2.33395e-05,2.10646e-05,1.09665e-05,2.49424e-06,7.61811e-18,0.0,0.0
0.0,0.0,2.31888e-05,1.97813e-05,7.83185e-06,2.86381e-06,9.72504e-20,0.0,0.0
0.0,0.0,3.14502e-05,1.7237e-06,5.59156e-06,3.28982e-06,4.57486e-13,0.0,0.0
0.0,0.0,1.72669e-05,7.10613e-06,1.07152e-05,2.66932e-06,9.41376e-17,0.0,0.0
0.0,0.0,0.0,2.73887e-05,9.69632e-06,2.60203e-06,7.6653e-16,0.0,0.0
0.0,0.0,1.767e-23,2.81605e-05,9.09916e-06,2.66224e-06,1.80953e-17,0.0,0.0
0.0,0.0,1.66161e-05,1.50192e-05,1.00428e-05,2.66742e-06,1.65574e-16,0.0,0.0
0.0,0.000203816,9.38503e-26,2.43496e-05,4.34521e-06,3.22073e-06,3.66934e-16,0.0,0.0
0.0,0.000214462,5.43566e-05,2.67471e-05,6.6134e-06,2.87585e-06,5.20766e-17,0.0,0.0
0.0,0.0,3.23138e-24,2.60561e-05,9.34498e-06,2.65532e-06,2.7585e-16,0.0,0.0
0.0,0.0,7.7014e-05,1.51415e-05,8.50168e-06,2.77279e-06,3.27917e-18,0.0,0.0
0.0,0.0,0.0,1.28472e-05,6.0271e-06,3.16482e-06,1.21138e-15,0.0,0.0
0.0,0.0,7.31443e-05,3.54984e-05,8.30021e-06,2.59654e-06,6.84803e-18,0.0,0.0
0.0,0.0,3.73682e-05,1.3687e-05,8.8297e-06,2.79512e-06,5.49855e-18,0.0,0.0
0.0,0.0,9.05718e-06,3.23975e-05,6.52479e-06,2.9024e-06,3.91345e-15,0.0,0.0
0.0,0.0,8.66636e-06,2.55169e-05,8.94184e-06,2.69671e-06,1.99497e-13,0.0,0.0
0.0,0.0,4.46872e-05,1.9305e-05,8.93586e-06,2.71854e-06,5.2764e-19,0.0,0.0
0.0,0.0,2.93072e-05,1.66225e-05,8.02153e-06,2.86687e-06,2.69703e-14,0.0,0.0
0.0,0.000395277,2.94359e-05,1.32318e-05,8.50236e-06,2.8064e-06,1.80805e-18,0.0,0.0
0.0,0.000208032,2.58814e-05,2.69827e-05,9.30512e-06,2.60035e-06,5.1666e-16,0.0,0.0
0.0,0.0,0.0,1.77128e-05,7.40448e-06,2.95949e-06,6.00328e-16,0.0,0.0
0.0,0.0,0.0,1.77334e-05,9.731e-06,2.69464e-06,1.55497e-14,0.0,0.0
0.0,0.0,6.90705e-05,1.77014e-05,7.22156e-06,2.90184e-06,7.72703e-20,0.0,0.0
0.0,0.000196433,2.72054e-05,8.50213e-06,9.11703e-06,2.8062e-06,1.66308e-19,0.0,0.0
0.0,0.0,4.76886e-05,1.35843e-05,7.96402e-06,2.88288e-06,4.4354e-16,0.0,0.0
0.0,0.000211536,4.76618e-05,1.97498e-05,1.23231e-05,2.30426e-06,9.56089e-16,0.0,0.0
0.0,0.0,1.73547e-05,8.99102e-06,8.24892e-06,2.93091e-06,1.92424e-13,0.0,0.0
0.0,0.0,0.0,9.82033e-06,7.05491e-06,3.07818e-06,3.52721e-16,0.0,0.0
0.0,0.0,1.16283e-05,3.05444e-05,7.75026e-06,2.77861e-06,3.80181e-13,0.0,0.0
0.0,0.0,0.0,9.20838e-06,9.06574e-06,2.85556e-06,1.29265e-16,0.0,0.0
0.0,0.0,4.32658e-05,9.55512e-06,1.08613e-05,2.59864e-06,9.7545e-20,0.0,0.0
0.0,0.0,9.03412e-06,2.33276e-06,8.07254e-06,3.02702e-06,4.27499e-16,0.0,0.0
0.0,0.000205731,0.0,1.85929e-05,1.19962e-05,2.40781e-06,5.07114e-16,0.0,0.0
0.0,0.0,2.83189e-30,1.61109e-05,9.58042e-06,2.72799e-06,8.70295e-19,0.0,0.0
0.0,0.0,0.0,1.8362e-05,9.35026e-06,2.73166e-06,3.51838e-17,0.0,0.0
0.0,0.00016837,3.27271e-05,4.04238e-05,9.22233e-06,2.47153e-06,1.27425e-14,0.0,0.0
0.0,0.0,5.17254e-05,2.18593e-05,9.52842e-06,2.61759e-06,9.12966e-20,0.0,0.0
0.0,0.0,3.78718e-05,2.99658e-05,9.87714e-06,2.51261e-06,8.15862e-17,0.0,0.0
0.0,0.0,2.71602e-05,1.79821e-05,8.09545e-06,2.8473e-06,8.89198e-18,0.0,0.0
0.0,0.0,1.7501e-05,1.82954e-05,8.37464e-06,2.8234e-06,1.47162e-14,0.0,0.0
0.0,0.0,1.10478e-05,1.06458e-05,8.82016e-06,2.85656e-06,6.24792e-17,0.0,0.0
0.0,0.0,1.66196e-05,1.45239e-05,8.80783e-06,2.81284e-06,3.25632e-16,0.0,0.0
0.0,0.0,2.7036e-05,1.68544e-05,9.97231e-06,2.64523e-06,4.00121e-14,0.0,0.0
0.0,0.0,0.0,1.61383e-05,1.03267e-05,2.64283e-06,1.78623e-17,0.0,0.0
0.0,0.000169581,0.0,2.14256e-05,9.48895e-06,2.66829e-06,2.07311e-19,0.0,0.0
0.0,0.0,0.0,1.0558e-05,8.46689e-06,2.91019e-06,5.24342e-16,0.0,0.0
0.0,0.0,5.12021e-05,1.34455e-05,1.0677e-05,2.57168e-06,1.16105e-14,0.0,0.0
0.0,0.000212473,2.92645e-05,1.9026e-05,8.81431e-06,2.73145e-06,2.63871e-14,0.0,0.0
0.0,0.0,4.71874e-05,1.4587e-05,8.99231e-06,2.75646e-06,3.57877e-16,0.0,0.0
0.0,0.0,2.8751e-06,1.14149e-05,7.96749e-06,2.95516e-06,7.91593e-21,0.0,0.0
0.0,0.0,2.41038e-05,1.98582e-05,8.91755e-06,2.73851e-06,4.00887e-18,0.0,0.0
0.0,0.0,4.91951e-05,2.00328e-05,8.56943e-06,2.74781e-06,1.96276e-13,0.0,0.0
0.0,0.0,4.20195e-05,1.70832e-05,8.11043e-06,2.83769e-06,1.27837e-16,0.0,0.0
0.0,0.0,4.51801e-05,2.27686e-05,6.79874e-06,2.92644e-06,8.20639e-17,0.0,0.0
0.0,0.0,2.08382e-05,1.52837e-05,6.53209e-06,3.05931e-06,5.64198e-16,0.0,0.0
0.0,0.0,1.27816e-05,2.17342e-05,1.0063e-05,2.60233e-06,1.43265e-14,0.0,0.0
0.0,0.000164365,5.17097e-12,2.73202e-05,8.81823e-06,2.68616e-06,4.73279e-16,0.0,0.0
0.0,0.0,0.0,7.68688e-06,9.60195e-06,2.80979e-06,7.67357e-17,0.0,0.0
0.0,0.0,2.59378e-05,2.51333e-05,9.14095e-06,2.65826e-06,2.76926e-14,0.0,0.0
0.0,0.0,3.13088e-05,3.08255e-05,6.09442e-06,2.94177e-06,6.21e-23,0.0,0.0
0.0,0.0,3.73601e-05,4.75048e-06,1.14404e-05,2.58753e-06,5.27669e-22,0.0,0.0
0.0,0.0,5.25895e-06,1.46095e-05,9.34728e-06,2.76355e-06,1.86214e-16,0.0,0.0
0.0,0.0,1.83585e-05,2.2512e-05,6.81452e-06,2.95772e-06,3.0936e-15,0.0,0.0
0.0,0.0,1.05259e-05,2.97939e-05,1.2484e-05,2.24891e-06,8.91636e-24,0.0,0.0
0.0,0.000402827,3.22728e-06,7.68581e-06,6.07543e-06,3.16698e-06,7.32845e-20,0.0,0.0
0.0,0.0,1.70225e-15,1.36163e-05,1.14411e-05,2.54129e-06,5.35373e-20,0.0,0.0
0.0,0.000200697,0.0,1.6849e-05,8.19953e-06,2.85762e-06,1.55393e-16,0.0,0.0
0.0,0.0,0.0,2.42586e-05,8.20537e-06,2.80293e-06,3.45305e-13,0.0,0.0
0.0,0.0,4.88235e-05,2.08205e-05,1.18632e-05,2.36569e-06,1.2308e-17,0.0,0.0
0.0,0.000200097,0.0,2.48319e-06,1.03546e-05,2.7562e-06,1.738e-15,0.0,0.0
0.0,0.00018849,6.75547e-05,1.44206e-05,8.80532e-06,2.73737e-06,4.94131e-17,0.0,0.0
0.0,0.0,0.0,2.08156e-05,7.80557e-06,2.88268e-06,1.41202e-11,3.64184e-39,0.0
0.0,0.0,0.0,2.08393e-05,8.26027e-06,2.83088e-06,1.24706e-17,0.0,0.0
0.0,0.0,4.30539e-06,6.35008e-06,7.53021e-06,3.05392e-06,3.82205e-14,0.0,0.0
0.0,0.0,0.0,4.6706e-06,8.7855e-06,2.93282e-06,7.30524e-17,0.0,0.0
0.0,0.0,2.34466e-06,2.83974e-05,9.44554e-06,2.6178e-06,1.05247e-13,0.0,0.0
0.0,0.0,6.50222e-06,1.46551e-05,7.35529e-06,2.98827e-06,4.15646e-17,0.0,0.0
0.0,0.0,3.14707e-05,9.81596e-06,8.13292e-06,2.9198e-06,1.42089e-17,0.0,0.0
0.0,0.0,6.14535e-07,1.25509e-05,9.28013e-06,2.79706e-06,6.99175e-16,0.0,0.0
0.0,0.000236299,3.43966e-05,1.14749e-05,9.13388e-06,2.76239e-06,4.83438e-14,0.0,0.0
0.0,0.0,4.83616e-05,1.21532e-05,8.60704e-06,2.82328e-06,1.22849e-16,0.0,0.0
0.0,0.0,1.12531e-05,2.11405e-05,8.64225e-06,2.77162e-06,1.39587e-16,0.0,0.0
0.0,0.0,2.96432e-05,1.75941e-05,9.1295e-06,2.73074e-06,4.51168e-19,0.0,0.0
0.0,0.000192525,1.99318e-05,1.22519e-05,8.97796e-06,2.79319e-06,6.82461e-15,0.0,0.0
0.0,0.000199936,0.0,2.03555e-05,9.31478e-06,2.69571e-06,5.0797e-12,4.86657e-40,0.0
0.0,0.0,3.46173e-06,1.30818e-05,6.81717e-06,3.06867e-06,1.85323e-18,0.0,0.0
0.0,0.0,3.14138e-05,1.03067e-05,1.03887e-05,2.65836e-06,1.60844e-19,0.0,0.0
0.0,0.000430309,7.91829e-05,2.21565e-05,8.22672e-06,2.68842e-06,5.3045e-20,0.0,0.0
0.0,0.0,4.62342e-05,6.31562e-06,1.09281e-05,2.62005e-06,9.99275e-16,0.0,0.0
0.0,0.000198019,3.27898e-05,1.9884e-05,8.35482e-06,2.77258e-06,3.09054e-20,0.0,0.0
0.0,0.000199935,4.26651e-19,1.15153e-05,1.05135e-05,2.64782e-06,4.41361e-21,0.0,0.0
0.0,0.000200774,9.91908e-06,5.57257e-06,1.14986e-05,2.58383e-06,5.11952e-18,0.0,0.0
0.0,0.0,2.77884e-05,2.66088e-05,7.28699e-06,2.85228e-06,3.22174e-20,0.0,0.0
0.0,0.0,4.01345e-05,1.57155e-05,1.06201e-05,2.56803e-06,1.50321e-18,0.0,0.0
0.0,0.0,2.57755e-05,1.01044e-05,7.85772e-06,2.9547e-06,9.50965e-15,0.0,0.0
0.0,0.0,4.49253e-05,1.1215e-05,1.1082e-05,2.55505e-06,6.44966e-17,0.0,0.0
0.0,0.000215866,9.8294e-06,1.43955e-05,8.30977e-06,2.85692e-06,9.17186e-14,0.0,0.0
0.0,0.0,1.03198e-05,1.33564e-05,7.52854e-06,2.9772e-06,9.878e-21,0.0,0.0
0.0,0.0,8.57649e-06,1.4874e-05,6.31226e-06,3.10236e-06,8.74491e-19,0.0,0.0
0.0,0.0,5.67494e-05,1.53893e-05,7.25731e-06,2.93491e-06,5.86574e-17,0.0,0.0
0.0,0.0,2.23449e-05,8.32261e-06,6.49477e-06,3.13145e-06,8.89204e-19,0.0,0.0
0.0,0.000163927,6.25254e-05,2.2045e-05,1.00445e-05,2.52835e-06,1.87854e-20,0.0,0.0
0.0,0.0,5.87422e-05,2.22202e-05,5.12939e-06,3.10639e-06,1.11672e-20,0.0,0.0
0.0,0.0,2.17688e-05,2.21941e-05,1.00862e-05,2.58487e-06,4.57328e-16,0.0,0.0
0.0,0.0,3.79175e-05,1.53159e-05,7.1727e-06,2.96669e-06,5.31074e-21,0.0,0.0
0.0,0.0,0.0,1.50833e-05,1.14664e-05,2.52374e-06,3.8082e-17,0.0,0.0
0.0,0.0,4.28098e-05,2.67407e-05,7.96805e-06,2.75641e-06,1.66676e-17,0.0,0.0
0.0,0.0,2.41903e-05,1.38306e-05,6.91401e-06,3.02659e-06,3.4937e-16,0.0,0.0
0.0,0.00016057,5.55193e-06,2.54715e-05,8.19055e-06,2.77011e-06,1.32616e-21,0.0,0.0
0.0,0.0,1.4773e-05,2.97435e-06,1.20299e-05,2.56392e-06,3.8919e-20,0.0,0.0
0.0,0.0,4.09112e-05,1.25971e-05,8.85257e-06,2.79934e-06,4.33713e-12,9.36067e-43,0.0
0.0,0.0,4.52608e-05,1.87474e-05,8.53907e-06,2.7686e-06,4.44358e-21,0.0,0.0
0.0,0.0,4.67397e-05,2.25917e-05,8.75821e-06,2.70355e-06,3.86143e-17,0.0,0.0
0.0,5.1581e-15,1.83234e-05,4.07897e-05,1.30949e-05,2.06059e-06,9.79695e-33,0.0,0.0
0.0,0.0,4.84873e-05,1.05489e-05,8.05078e-06,2.90246e-06,1.45694e-17,0.0,0.0
0.0,0.0,5.30062e-17,2.72413e-05,9.52146e-06,2.6234e-06,4.40342e-22,0.0,0.0
0.0,0.000208809,1.47767e-05,2.10063e-05,9.15266e-06,2.69001e-06,3.68222e-21,0.0,0.0
0.0,0.0,0.0,1.67192e-05,6.14358e-06,3.11285e-06,4.99262e-15,0.0,0.0
0.0,0.000202987,4.71944e-05,2.01693e-05,8.47852e-06,2.73877e-06,3.25067e-19,0.0,0.0
0.0,0.000208279,2.22059e-05,1.05423e-05,9.59378e-06,2.73607e-06,1.49932e-18,0.0,0.0
0.0,0.0,6.92662e-05,1.80905e-05,1.09431e-05,2.4744e-06,9.03763e-17,0.0,0.0
0.0,0.0,2.26976e-05,1.26959e-05,1.14488e-05,2.5238e-06,9.02614e-21,0.0,0.0
0.0,0.000204778,0.0,1.38381e-05,7.74208e-06,2.93936e-06,3.02038e-17,0.0,0.0
0.00179106,0.000447141,1.66022e-05,1.92758e-05,8.78773e-06,2.70053e-06,7.14996e-15,0.0,0.0
0.0,0.0,1.34987e-05,2.1047e-06,1.0962e-05,2.69555e-06,1.55657e-15,0.0,0.0
0.0,0.0,2.86021e-05,1.17581e-05,7.21522e-06,3.00803e-06,7.41112e-21,0.0,0.0
0.0,0.000179661,4.53871e-05,1.09621e-05,6.67442e-06,3.04045e-06,3.97509e-19,0.0,0.0
0.0,0.0,8.88741e-06,2.05341e-05,8.99784e-06,2.73992e-06,5.47344e-20,0.0,0.0
0.0,0.0,1.51374e-05,1.03918e-05,8.27741e-06,2.91618e-06,3.29809e-16,0.0,0.0
0.0,0.0,0.0,8.81265e-06,1.11715e-05,2.61999e-06,1.31709e-15,0.0,0.0
0.0018059,0.000193025,2.44043e-17,8.02482e-06,8.21813e-06,2.92194e-06,8.7642e-23,0.0,0.0
0.0,0.0,0.0,2.1497e-05,8.52795e-06,2.79385e-06,7.34668e-15,0.0,0.0
0.0,0.000179371,0.0,1.69215e-05,1.35616e-05,2.24909e-06,1.61317e-15,0.0,0.0
0.0,0.0,5.28931e-05,7.02314e-06,1.01764e-05,2.69091e-06,8.34408e-14,0.0,0.0
0.0,0.0,1.71459e-05,1.00518e-05,7.53056e-06,3.00225e-06,5.29232e-20,0.0,0.0
0.0,0.0,1.13165e-05,8.91622e-06,8.7282e-06,2.88401e-06,3.01993e-16,0.0,0.0
0.0,0.0,0.0,6.88631e-06,7.81153e-06,3.02145e-06,7.25225e-17,0.0,0.0
0.0,0.0,4.18925e-05,2.24896e-05,8.01347e-06,2.79479e-06,3.3713e-13,0.0,0.0
0.0,0.0,7.85043e-05,6.57835e-06,1.10635e-05,2.56532e-06,2.98593e-20,0.0,0.0
0.0,0.0,5.57399e-05,1.31704e-05,8.90138e-06,2.77124e-06,1.49176e-14,0.0,0.0
0.0,0.0,2.9029e-05,1.13998e-05,8.58797e-06,2.85498e-06,9.49739e-16,0.0,0.0
0.0,0.0,0.0,9.72199e-06,9.4401e-06,2.80785e-06,3.97595e-20,0.0,0.0
0.0,0.0,0.0,4.95601e-17,9.01793e-06,2.95309e-06,4.17967e-22,0.0,0.0
0.0,0.0,0.0,2.28752e-05,8.08724e-06,2.8302e-06,2.65278e-13,0.0,0.0
0.0,0.0,1.30716e-05,7.0112e-06,8.95205e-06,2.8756e-06,8.65822e-17,0.0,0.0
0.0,0.0,2.88982e-05,2.11373e-06,9.39608e-06,2.85606e-06,1.13724e-16,0.0,0.0
0.0,0.0,3.67626e-05,9.40821e-06,1.07081e-05,2.62493e-06,5.72871e-20,0.0,0.0
0.0,0.0,3.46585e-12,1.3994e-05,9.76529e-06,2.72814e-06,1.81065e-17,0.0,0.0
0.0,0.000206316,0.0,2.52266e-05,1.37264e-05,2.14461e-06,3.35236e-19,0.0,0.0
0.0,0.0,6.61045e-05,1.54209e-05,1.00007e-05,2.61189e-06,9.65244e-19,0.0,0.0
0.0,0.0,0.0,1.2907e-05,6.99425e-06,3.05421e-06,2.06082e-15,0.0,0.0
0.0,0.0,1.75722e-07,3.11288e-05,9.73543e-06,2.55998e-06,2.40555e-13,0.0,0.0
0.0,0.0,0.0,1.0807e-05,7.85305e-06,2.97752e-06,5.78281e-17,0.0,0.0
0.0,0.0,1.325e-05,1.15725e-05,7.76612e-06,2.96468e-06,2.87438e-17,0.0,0.0
0.0,0.0,2.6962e-05,9.62704e-06,7.86048e-06,2.95781e-06,1.35339e-18,0.0,0.0
0.0,0.0,3.4178e-05,2.83515e-05,8.63577e-06,2.67417e-06,3.41314e-16,0.0,0.0
0.0,0.0,5.64316e-05,1.13507e-05,7.9181e-06,2.9005e-06,4.98225e-16,0.0,0.0
0.0,0.0,7.06367e-05,2.02918e-05,8.08694e-06,2.77572e-06,4.06255e-15,0.0,0.0
0.0,0.0,3.40613e-05,1.25569e-05,9.15068e-06,2.77367e-06,6.91601e-15,0.0,0.0
0.00161663,0.0,5.81072e-05,1.74158e-05,9.37994e-06,2.65145e-06,1.67577e-18,0.0,0.0
0.0,0.000208296,7.65677e-11,1.64711e-05,1.08268e-05,2.56178e-06,6.11526e-17,0.0,0.0
0.0,0.0,3.81485e-05,2.61666e-05,8.60623e-06,2.69486e-06,1.33901e-19,0.0,0.0
0.0,0.000432297,0.0,1.51777e-05,1.02391e-05,2.61917e-06,8.45784e-20,0.0,0.0
0.0,0.0,3.22865e-05,2.71931e-05,1.00499e-05,2.52705e-06,7.74194e-15,0.0,0.0
0.0,0.0,7.5348e-05,2.16281e-05,1.17233e-05,2.34336e-06,4.01798e-32,0.0,0.0
0.0,0.0,5.02581e-05,2.56087e-05,8.29867e-06,2.72042e-06,1.0775e-10,3.74649e-35,0.0
0.0,0.000204308,2.72591e-05,9.65056e-06,7.08441e-06,3.02508e-06,1.23956e-16,0.0,0.0
0.0,0.0,2.90105e-05,1.32757e-05,6.76679e-06,3.0434e-06,8.78421e-21,0.0,0.0
0.0,0.0,0.0,1.83634e-05,9.77919e-06,2.68286e-06,1.64665e-17,0.0,0.0
0.0,0.0,1.91261e-23,2.57972e-05,6.02982e-06,3.03501e-06,8.08583e-17,0.0,0.0
0.0,0.0,7.78228e-05,1.52257e-05,1.02823e-05,2.56848e-06,1.08667e-16,0.0,0.0
0.0,0.0,3.02752e-05,1.09327e-05,8.01194e-06,2.92375e-06,8.21097e-16,0.0,0.0
0.0,0.000422096,2.75484e-05,2.92859e-05,7.09869e-06,2.805e-06,2.09289e-16,0.0,0.0
0.0,0.0,5.14008e-05,1.51383e-05,8.03746e-06,2.85477e-06,7.54993e-21,0.0,0.0
0.0,0.0,2.78269e-05,1.87306e-05,7.41519e-06,2.91644e-06,5.54618e-16,0.0,0.0
0.00173,0.0,1.50174e-05,5.71398e-06,9.10082e-06,2.84781e-06,1.97409e-14,0.0,0.0
0.0,0.0,0.0,7.69503e-06,1.05346e-05,2.70191e-06,1.49394e-10,2.86098e-34,0.0
0.00171117,0.0,2.58166e-05,1.34012e-05,1.15033e-05,2.4856e-06,9.72456e-18,0.0,0.0
0.0,0.0,9.10043e-13,4.23325e-06,8.8204e-06,2.93322e-06,1.11749e-16,0.0,0.0
0.0,0.0,6.5255e-05,1.26687e-05,9.37064e-06,2.71205e-06,6.39189e-17,0.0,0.0
0.0,0.0,1.2813e-05,2.57751e-05,7.95599e-06,2.80156e-06,3.8118e-21,0.0,0.0
0.0,0.0,4.64015e-05,9.42341e-06,8.31343e-06,2.88621e-06,2.54226e-15,0.0,0.0
0.0,0.0,2.95845e-05,8.42275e-06,9.74163e-06,2.75289e-06,1.26299e-23,0.0,0.0
0.0,0.0,4.51714e-05,2.20857e-05,7.21731e-06,2.88567e-06,1.11939e-16,0.0,0.0
0.0,0.0,1.57711e-05,1.57179e-05,5.95225e-06,3.12669e-06,1.18957e-13,0.0,0.0
0.0,0.0,1.19699e-05,2.27241e-05,8.54986e-06,2.76547e-06,1.72659e-14,0.0,0.0
0.0,0.0,1.90993e-05,1.9239e-05,8.34584e-06,2.81542e-06,1.43941e-18,0.0,0.0
0.0,0.0,1.41658e-08,2.18695e-05,8.98974e-06,2.73758e-06,2.04828e-13,0.0,0.0
0.0,0.0,1.2028e-23,1.0029e-05,1.15522e-05,2.56452e-06,4.92669e-20,0.0,0.0
0.0,0.0,9.07863e-06,2.91366e-05,8.00853e-06,2.76621e-06,1.99379e-17,0.0,0.0
0.0,0.0,7.14087e-06,1.33082e-05,9.5445e-06,2.75199e-06,7.27867e-17,0.0,0.0
0.0,0.000196077,1.96486e-05,1.56695e-05,9.78808e-06,2.66683e-06,1.21918e-16,0.0,0.0
0.0,0.0,2.55167e-05,1.21036e-06,8.7638e-06,2.94087e-06,4.13388e-23,0.0,0.0
0.0,0.0,7.83695e-05,1.36349e-05,1.06709e-05,2.53957e-06,7.28041e-14,0.0,0.0
0.00170631,0.000206453,2.57604e-05,1.70391e-05,6.40023e-06,3.00918e-06,7.69951e-22,0.0,0.0
0.0,0.0,1.05703e-05,2.25112e-05,9.39198e-06,2.6734e-06,5.2506e-17,0.0,0.0
0.0,0.0,0.0,3.5793e-05,6.76281e-06,2.85168e-06,1.15647e-16,0.0,0.0
0.0,0.0,8.57497e-06,5.59997e-06,7.23535e-06,3.0901e-06,9.58232e-19,0.0,0.0
0.0,0.0,3.74613e-05,1.95577e-05,7.36621e-06,2.90278e-06,4.19845e-16,0.0,0.0
0.0,0.0,4.17578e-06,2.24539e-05,9.31051e-06,2.69052e-06,3.6802e-18,0.0,0.0
0.0,0.0,3.01928e-05,4.36304e-06,9.09524e-06,2.86632e-06,1.20551e-16,0.0,0.0
0.00172784,0.0,0.000117588,2.23356e-05,6.69518e-06,2.83859e-06,8.35187e-17,0.0,0.0
0.0,0.0,2.81502e-05,1.17898e-05,9.95531e-06,2.69654e-06,4.46026e-19,0.0,0.0
0.0,0.0,3.54734e-05,3.62909e-05,1.1742e-05,2.23997e-06,6.10348e-19,0.0,0.0
0.0,0.0,1.78857e-05,2.65938e-05,1.00996e-05,2.54377e-06,7.65254e-17,0.0,0.0
0.0,0.0,0.0,1.51665e-05,9.08277e-06,2.79405e-06,5.42816e-17,0.0,0.0
0.0,0.0,2.79114e-05,2.52288e-05,8.90366e-06,2.68205e-06,2.97312e-15,0.0,0.0
0.0,0.0,0.0,1.7596e-05,9.41584e-06,2.73186e-06,1.68436e-14,0.0,0.0
0.0,0.0,6.49762e-05,1.50605e-05,6.1268e-06,3.05743e-06,3.75838e-13,0.0,0.0
0.0,0.0,0.0,3.4557e-05,7.03587e-06,2.83298e-06,3.03113e-16,0.0,0.0
0.0,0.0,3.36625e-05,1.54732e-05,8.04818e-06,2.87035e-06,1.962e-12,3.64338e-44,0.0
0.0,0.0,1.51364e-05,2.24151e-05,1.05989e-05,2.53189e-06,7.59434e-19,0.0,0.0
0.0,0.0,1.19828e-05,6.31411e-06,1.14947e-05,2.59458e-06,2.75002e-17,0.0,0.0
0.0,0.0,3.29695e-06,7.94524e-06,7.12206e-06,3.08553e-06,5.53897e-13,0.0,0.0
0.0,0.0,8.61342e-06,1.48248e-05,6.94338e-06,3.03102e-06,5.64904e-13,0.0,0.0
0.0,0.0,6.29056e-05,1.83693e-05,1.26227e-05,2.28779e-06,6.73838e-15,0.0,0.0
0.0,0.0,2.39178e-05,2.72868e-05,9.33865e-06,2.61653e-06,2.87375e-13,0.0,0.0
0.0,0.0,8.85275e-06,1.85289e-05,9.36296e-06,2.71848e-06,4.16156e-16,0.0,0.0
0.0,0.0,1.86683e-05,3.94344e-07,7.44818e-06,3.10647e-06,5.81431e-16,0.0,0.0
0.0,0.0,1.57514e-33,4.29668e-05,8.0547e-06,2.63299e-06,5.50716e-15,0.0,0.0
0.0,0.000196064,4.93171e-05,2.42604e-05,1.03981e-05,2.47778e-06,4.29071e-13,0.0,0.0
0.0,0.0,1.29927e-05,1.63313e-05,5.93699e-06,3.12545e-06,3.72733e-14,0.0,0.0
0.0,0.0,0.0,2.48358e-05,1.22421e-05,2.33798e-06,5.94074e-14,0.0,0.0
0.0,0.0,1.1089e-05,2.0067e-05,8.43535e-06,2.80607e-06,1.18283e-16,0.0,0.0
0.0,0.0,1.62444e-05,1.68405e-05,1.13211e-05,2.50422e-06,5.33113e-14,0.0,0.0
0.0,0.000379201,4.88582e-05,1.4963e-05,8.08115e-06,2.81652e-06,3.66186e-16,0.0,0.0
0.0,0.0,2.47506e-05,1.45826e-05,1.15067e-05,2.49601e-06,2.03113e-15,0.0,0.0
0.00161776,0.0,2.43541e-05,1.62861e-05,9.63609e-06,2.67199e-06,2.65488e-15,0.0,0.0
0.0,0.000413912,3.86185e-05,1.10714e-05,9.74547e-06,2.6743e-06,9.69998e-17,0.0,0.0
0.0,0.0,0.0,1.28539e-05,1.0534e-05,2.65205e-06,4.77385e-12,1.67693e-41,0.0
0.0,0.000207173,2.79333e-05,2.17076e-05,9.72738e-06,2.60282e-06,1.80072e-20,0.0,0.0
0.0,0.000201601,2.82171e-05,1.91503e-05,9.52133e-06,2.65207e-06,2.21613e-18,0.0,0.0
0.0,0.0,0.000126696,2.01095e-05,7.97703e-06,2.72628e-06,7.23285e-15,0.0,0.0
0.0,0.0,6.1479e-06,3.12473e-05,7.6914e-06,2.78451e-06,2.21578e-20,0.0,0.0
0.0,0.0,5.50024e-05,1.75744e-05,8.33348e-06,2.79263e-06,5.49705e-17,0.0,0.0
0.0,0.000434218,9.1858e-06,2.27756e-05,8.64238e-06,2.71418e-06,2.37573e-15,0.0,0.0
0.0,0.0,4.39605e-05,2.58771e-05,1.06295e-05,2.46099e-06,2.13956e-16,0.0,0.0
0.0,0.000198514,5.02128e-05,1.4374e-05,8.86429e-06,2.74986e-06,1.26521e-14,0.0,0.0
0.0,0.0,2.93422e-05,1.33856e-05,7.24404e-06,2.98763e-06,4.94501e-22,0.0,0.0
0.0,0.0,6.03796e-05,1.06634e-05,8.42985e-06,2.84467e-06,6.78652e-19,0.0,0.0
0.0,0.0,9.77812e-06,2.38995e-05,7.83607e-06,2.83739e-06,1.23861e-12,3.27904e-43,0.0
0.0,0.0,4.76945e-06,3.31336e-05,1.04215e-05,2.45667e-06,1.63849e-17,0.0,0.0
0.0,0.0,6.50752e-06,7.73442e-06,8.12169e-06,2.97029e-06,3.41276e-15,0.0,0.0
0.0,0.0,2.63683e-05,2.81948e-05,1.07288e-05,2.44653e-06,1.08466e-19,0.0,0.0
0.0,0.0,0.0,1.70608e-05,9.28583e-06,2.75201e-06,1.47296e-19,0.0,0.0
0.0,0.0,2.41354e-05,6.61341e-06,9.58026e-06,2.79553e-06,6.5062e-18,0.0,0.0
0.0,0.0,0.0,2.026e-05,7.71985e-06,2.89813e-06,7.62371e-13,0.0,0.0
0.0,0.0,0.0,1.14582e-05,1.04391e-05,2.67684e-06,1.38922e-14,0.0,0.0
0.0,0.0,2.21538e-05,1.27287e-05,8.26472e-06,2.88628e-06,8.30464e-16,0.0,0.0
0.00171243,0.0,2.59381e-13,1.18252e-05,9.47988e-06,2.76088e-06,2.84263e-16,0.0,0.0
0.0,0.0,7.21548e-05,1.38586e-05,9.89871e-06,2.63224e-06,1.63408e-16,0.0,0.0
0.0,0.0,1.22217e-05,2.93641e-05,9.32798e-06,2.61028e-06,9.48214e-15,0.0,0.0
0.0,0.0,1.95388e-06,2.21255e-05,8.6036e-06,2.77674e-06,9.72706e-18,0.0,0.0
0.0,0.000215686,3.38889e-05,2.18427e-05,9.62338e-06,2.60567e-06,1.85135e-19,0.0,0.0
0.0,0.0,0.0,2.64037e-05,8.10963e-06,2.79237e-06,1.12321e-13,0.0,0.0
0.0,0.0,2.33817e-05,1.68542e-05,6.93402e-06,2.99499e-06,1.4126e-15,0.0,0.0
0.0,0.0,0.0,1.1105e-05,8.73553e-06,2.87416e-06,3.5455e-17,0.0,0.0
0.0,0.0,3.33259e-05,1.86105e-05,9.12365e-06,2.71705e-06,4.02847e-15,0.0,0.0
0.0,0.0,2.7215e-05,2.11229e-05,7.59078e-06,2.87324e-06,1.62006e-19,0.0,0.0
0.0,0.000176517,2.34328e-05,2.08221e-05,9.24167e-06,2.67511e-06,3.95504e-18,0.0,0.0
0.0,0.0,0.0,7.28405e-06,9.32933e-06,2.84483e-06,3.31485e-19,0.0,0.0
0.0,0.0,2.09887e-05,2.74251e-05,1.04596e-05,2.49097e-06,5.87829e-15,0.0,0.0
0.0,0.000225207,0.0,2.8939e-05,7.75779e-06,2.78452e-06,3.77019e-14,0.0,0.0
0.0,0.000417651,4.20737e-05,1.57367e-05,7.64607e-06,2.86214e-06,8.39246e-14,0.0,0.0
0.0,0.0,2.89989e-05,1.70294e-05,8.56354e-06,2.80149e-06,2.1976e-19,0.0,0.0
0.00169178,0.000204657,4.1716e-05,1.90095e-05,5.6685e-06,3.05493e-06,3.36125e-17,0.0,0.0
0.0,0.000199787,2.71943e-05,1.6005e-05,1.13234e-05,2.47987e-06,1.16917e-18,0.0,0.0
0.0,0.0,1.74352e-05,1.80369e-05,8.84407e-06,2.77266e-06,3.99918e-17,0.0,0.0
0.0,0.0,2.74799e-05,1.88329e-05,9.38265e-06,2.69201e-06,2.15993e-16,0.0,0.0
0.0,0.000192013,7.52501e-06,1.06745e-05,6.37109e-06,3.11966e-06,1.17811e-16,0.0,0.0
0.0,0.0,1.00311e-05,1.80466e-05,7.52511e-06,2.93102e-06,6.36702e-18,0.0,0.0
0.0,0.0,2.67581e-05,1.67968e-05,8.77334e-06,2.7825e-06,3.60091e-18,0.0,0.0
0.0,0.0,2.95304e-05,1.01517e-05,1.06765e-05,2.62932e-06,1.59358e-16,0.0,0.0
0.0,0.0,7.61424e-05,1.58284e-05,1.09981e-05,2.48295e-06,2.02161e-17,0.0,0.0
0.0,0.0,6.50359e-05,1.77323e-05,1.30024e-05,2.24855e-06,1.57089e-16,0.0,0.0
0.0,0.0,1.25425e-05,1.19684e-05,1.20037e-05,2.4795e-06,2.10313e-20,0.0,0.0
0.0,0.000205379,1.73887e-05,1.41797e-05,5.65167e-06,3.15388e-06,1.48942e-17,0.0,0.0
0.0,0.0,7.41845e-28,2.01899e-05,9.90472e-06,2.65032e-06,5.57469e-18,0.0,0.0
0.0,0.0,5.99952e-05,1.0822e-05,9.44577e-06,2.72795e-06,2.70652e-14,0.0,0.0
0.0,0.0,2.58499e-05,2.10609e-05,6.57493e-06,2.99097e-06,8.40741e-17,0.0,0.0
0.0,0.0,1.84236e-24,1.14864e-23,1.01639e-05,2.82274e-06,3.12322e-18,0.0,0.0
0.0,0.000190911,0.0,9.22992e-06,8.62743e-06,2.88612e-06,1.91238e-14,0.0,0.0
0.0,0.0,3.81987e-05,4.60715e-06,1.0177e-05,2.73172e-06,1.78128e-16,0.0,0.0
0.0,0.00020842,3.38758e-05,2.04325e-05,9.91762e-06,2.58705e-06,4.84379e-16,0.0,0.0
0.0,0.0,2.64577e-05,1.54996e-05,8.44692e-06,2.83295e-06,4.1473e-14,0.0,0.0
0.0,0.000199409,2.94806e-05,1.0872e-05,8.33497e-06,2.86858e-06,3.70006e-17,0.0,0.0
0.00266025,1.04563e-06,7.85051e-05,3.10138e-05,1.3932e-05,1.96131e-06,7.43143e-30,0.0,0.0
0.0,0.0,5.1167e-05,1.24075e-05,9.78828e-06,2.68318e-06,3.5622e-14,0.0,0.0
0.0,0.0,1.83118e-34,1.70289e-05,1.08728e-05,2.57181e-06,1.45469e-22,0.0,0.0
0.0,0.0,2.03212e-05,2.30479e-05,8.7421e-06,2.73087e-06,2.84855e-21,0.0,0.0
0.0,0.0,6.32945e-05,1.96206e-05,9.74015e-06,2.60273e-06,1.71954e-14,0.0,0.0
0.0,0.000209333,3.04055e-05,7.14395e-06,9.18742e-06,2.80685e-06,1.30128e-16,0.0,0.0
0.00177044,0.0,8.04075e-06,1.4569e-05,6.44605e-06,3.06866e-06,1.44376e-12,0.0,0.0
0.0,0.0,0.0,1.90709e-05,7.06044e-06,2.98504e-06,7.84354e-18,0.0,0.0
