1.01692e-09
8.83578e-10
1.03484e-09
8.89201e-10
9.7767e-10
8.57596e-10
9.37495e-10
7.71919e-10
8.68937e-10
9.06203e-10
9.99777e-10
1.03281e-09
7.99754e-10
9.90482e-10
9.76239e-10
9.08656e-10
1.08097e-09
9.07376e-10
9.22509e-10
8.01358e-10
8.94614e-10
9.21191e-10
9.72442e-10
1.04049e-09
9.56925e-10
9.44379e-10
9.72208e-10
1.05368e-09
8.92593e-10
9.39678e-10
1.05237e-09
1.07576e-09
9.71475e-10
8.41495e-10
7.62253e-10
1.0666e-09
9.76871e-10
1.0489e-09
9.25946e-10
1.12655e-09
1.05795e-09
8.65908e-10
9.54263e-10
9.06928e-10
9.62623e-10
8.89334e-10
9.37759e-10
8.0675e-10
1.12121e-09
1.03488e-09
1.07758e-09
9.4051e-10
8.10745e-10
8.90751e-10
8.79148e-10
1.03007e-09
1.07179e-09
9.17578e-10
8.86763e-10
8.84857e-10
9.4061e-10
1.02932e-09
9.68861e-10
9.77179e-10
1.02116e-09
8.96973e-10
1.01787e-09
8.8864e-10
8.56059e-10
6.87875e-10
1.09783e-09
7.6075e-10
1.01757e-09
1.00137e-09
1.03356e-09
8.38231e-10
8.61952e-10
9.62777e-10
1.00349e-09
9.24152e-10
1.01678e-09
9.99962e-10
7.84118e-10
9.2577e-10
7.96709e-10
1.13747e-09
1.0959e-09
1.25721e-09
9.20165e-10
9.65479e-10
9.39942e-10
9.46763e-10
9.59541e-10
8.86523e-10
8.53908e-10
9.32561e-10
8.98079e-10
8.29179e-10
8.19743e-10
9.71639e-10
7.97024e-10
9.70922e-10
8.94372e-10
8.93839e-10
1.04959e-09
7.00875e-10
1.02175e-09
8.13621e-10
9.38639e-10
1.00821e-09
8.37453e-10
1.0463e-09
1.05167e-09
8.72379e-10
8.07203e-10
1.05429e-09
9.42668e-10
9.0946e-10
8.7483e-10
9.5128e-10
1.11106e-09
9.72871e-10
9.05913e-10
8.6039e-10
7.7394e-10
8.35385e-10
8.9325e-10
9.44053e-10
1.01551e-09
8.52452e-10
7.29907e-10
1.0631e-09
9.32283e-10
7.94219e-10
9.78987e-10
8.50118e-10
9.77897e-10
8.35251e-10
9.27853e-10
7.37335e-10
9.80244e-10
1.08641e-09
1.01276e-09
8.59533e-10
1.03753e-09
8.88498e-10
9.3118e-10
9.5563e-10
8.82225e-10
1.01971e-09
1.02458e-09
8.42138e-10
8.84968e-10
1.04586e-09
1.02962e-09
8.61778e-10
9.24827e-10
8.58796e-10
1.15158e-09
9.10123e-10
8.29846e-10
9.8777e-10
8.90959e-10
8.20802e-10
8.79591e-10
9.57715e-10
8.51926e-10
9.97533e-10
8.75352e-10
8.87128e-10
8.00068e-10
8.52824e-10
8.76875e-10
9.69765e-10
1.03556e-09
1.07157e-09
8.58796e-10
8.66517e-10
8.3577e-10
8.3857e-10
9.49859e-10
1.09284e-09
9.8116e-10
9.47407e-10
9.02586e-10
8.77773e-10
1.04821e-09
8.48526e-10
9.49215e-10
7.97182e-10
8.05976e-10
7.94019e-10
8.1357e-10
8.41587e-10
9.64802e-10
9.53296e-10
9.76633e-10
8.31907e-10
8.65564e-10
9.18184e-10
9.06979e-10
1.10384e-09
8.19227e-10
9.18691e-10
9.42385e-10
1.02506e-09
1.00264e-09
9.67889e-10
1.03005e-09
1.11082e-09
1.00905e-09
1.02983e-09
1.12526e-09
1.1557e-09
9.92714e-10
7.70815e-10
6.71393e-10
9.10327e-10
9.34463e-10
1.18715e-09
8.04618e-10
8.88868e-10
1.07514e-09
9.31851e-10
9.07065e-10
3.97368e-10
1.09671e-09
9.61035e-10
8.98687e-10
1.02629e-09
1.03453e-09
9.94882e-10
8.65343e-10
9.2126e-10
8.94319e-10
7.90374e-10
3.8386e-10
8.50722e-10
9.87718e-10
8.7227e-10
8.87792e-10
8.73791e-10
7.6147e-10
7.3849e-10
8.32836e-10
7.69202e-10
9.95351e-10
8.52379e-10
8.42807e-10
1.0134e-09
8.41644e-10
9.34183e-10
1.02448e-09
9.43086e-10
9.68441e-10
1.02774e-09
9.32564e-10
7.93352e-10
8.97017e-10
9.85792e-10
9.60499e-10
7.23597e-10
1.09936e-09
8.91295e-10
6.95437e-10
9.55512e-10
7.87954e-10
8.43496e-10
9.61794e-10
8.26445e-10
9.84158e-10
1.00682e-09
8.15015e-10
9.71207e-10
9.81207e-10
1.00114e-09
8.92279e-10
1.08852e-09
7.8385e-10
8.76004e-10
1.07429e-09
8.71703e-10
9.20444e-10
8.89147e-10
9.37773e-10
8.59819e-10
8.00486e-10
8.35993e-10
9.25518e-10
8.98633e-10
9.22316e-10
1.14258e-09
9.18392e-10
8.08238e-10
1.01658e-09
8.32266e-10
7.26233e-10
8.19703e-10
7.42473e-10
1.08548e-09
9.79407e-10
9.84343e-10
6.96019e-10
7.5632e-10
8.11568e-10
1.04035e-09
1.06773e-09
6.34397e-10
8.25554e-10
9.87711e-10
8.3833e-10
9.16461e-10
9.71766e-10
1.0044e-09
9.55527e-10
1.04954e-09
8.96826e-10
6.81156e-10
8.47867e-10
9.50751e-10
1.0258e-09
1.05009e-09
9.17885e-10
9.16057e-10
1.08715e-09
1.02915e-09
8.54728e-10
7.81655e-10
8.45085e-10
8.92141e-10
9.87818e-10
9.37043e-10
9.32706e-10
7.57481e-10
8.4344e-10
7.62555e-10
8.35351e-10
9.74719e-10
9.05649e-10
1.0819e-09
1.08757e-09
1.01101e-09
9.46196e-10
1.05003e-09
1.21205e-09
9.36781e-10
9.56546e-10
9.70518e-10
8.02719e-10
6.22818e-10
8.34765e-10
8.07017e-10
9.99619e-10
9.71667e-10
9.69946e-10
9.0813e-10
9.19585e-10
9.39218e-10
9.69703e-10
9.3413e-10
7.56374e-10
8.99228e-10
7.69136e-10
8.50071e-10
9.2661e-10
9.15183e-10
7.36736e-10
8.85227e-10
1.21901e-09
1.03625e-09
8.94261e-10
1.05259e-09
9.51287e-10
8.06174e-10
8.99337e-10
9.53061e-10
8.50725e-10
6.96282e-10
1.06933e-09
1.02105e-09
9.10307e-10
8.46633e-10
7.41653e-10
9.55926e-10
1.05379e-09
8.81161e-10
9.30841e-10
1.05572e-09
1.04308e-09
9.21014e-10
7.43783e-10
8.64275e-10
8.98455e-10
1.00177e-09
8.05428e-10
9.93998e-10
6.6087e-10
8.70688e-10
8.56423e-10
8.93459e-10
7.99482e-10
9.56238e-10
8.91944e-10
9.5857e-10
8.85024e-10
8.4095e-10
8.77145e-10
1.07099e-09
7.79689e-10
9.39212e-10
8.48952e-10
9.06322e-10
9.23421e-10
9.94799e-10
9.89608e-10
8.9276e-10
9.82859e-10
8.89437e-10
9.45065e-10
9.98297e-10
8.5134e-10
8.62373e-10
1.01301e-09
9.00214e-10
8.91814e-10
9.5575e-10
8.60212e-10
1.10954e-09
1.00451e-09
8.84728e-10
9.64866e-10
9.38115e-10
1.10213e-09
1.10383e-09
1.03206e-09
9.41955e-10
8.7001e-10
9.48348e-10
9.13913e-10
9.17047e-10
6.52947e-10
9.30108e-10
8.6326e-10
1.12575e-09
8.25954e-10
1.00624e-09
9.78968e-10
8.60873e-10
8.5416e-10
9.41964e-10
8.5426e-10
8.02884e-10
7.792e-10
8.51664e-10
8.91796e-10
8.89505e-10
9.48079e-10
7.99225e-10
8.87099e-10
9.51949e-10
7.63792e-10
6.86055e-10
8.70062e-10
9.12087e-10
7.73135e-10
8.61094e-10
7.82744e-10
1.02673e-09
9.13022e-10
1.03602e-09
9.38342e-10
1.04961e-09
9.69115e-10
8.49423e-10
1.00963e-09
8.7507e-10
8.78492e-10
1.34385e-09
9.38406e-10
9.18176e-10
1.05988e-09
8.95705e-10
8.98439e-10
9.57658e-10
8.72917e-10
8.97508e-10
9.3531e-10
9.67187e-10
9.83056e-10
9.46745e-10
1.05005e-09
1.03693e-09
8.71451e-10
8.80068e-10
1.02134e-09
1.02976e-09
8.6344e-10
4.27249e-10
8.25872e-10
7.78558e-10
1.00774e-09
9.22693e-10
7.29208e-10
6.64675e-10
1.03117e-09
8.80348e-10
8.39951e-10
9.43045e-10
9.70496e-10
1.00851e-09
1.05428e-09
9.44259e-10
8.19597e-10
1.01535e-09
9.88695e-10
9.26467e-10
8.7628e-10
1.04401e-09
9.47179e-10
9.5301e-10
8.76793e-10
3.41811e-10
1.00926e-09
1.10499e-09
7.13524e-10
9.84166e-10
1.06037e-09
1.09652e-09
8.56057e-10
1.00036e-09
8.77431e-10
8.56689e-10
1.03574e-09
8.58942e-10
8.12096e-10
9.24091e-10
9.76176e-10
8.28649e-10
8.29178e-10
9.53105e-10
9.98701e-10
7.73978e-10
8.6944e-10
8.78812e-10
9.83735e-10
3.50336e-10
9.96714e-10
1.01032e-09
9.51587e-10
9.561e-10
9.69754e-10
1.06622e-09
1.08445e-09
9.8722e-10
8.14127e-10
9.22375e-10
9.99268e-10
9.5927e-10
1.02458e-09
9.64666e-10
1.04917e-09
8.76437e-10
1.19317e-09
9.56916e-10
8.79029e-10
9.30352e-10
8.00061e-10
8.54158e-10
1.04056e-09
1.10278e-09
8.49023e-10
1.00329e-09
8.36252e-10
9.76801e-10
1.04152e-09
1.01735e-09
8.38213e-10
8.17593e-10
7.73772e-10
8.31231e-10
9.79422e-10
9.74856e-10
1.02453e-09
7.65641e-10
9.9119e-10
8.35338e-10
1.07268e-09
9.45803e-10
9.34339e-10
7.76107e-10
1.06047e-09
9.27774e-10
3.98443e-10
9.10775e-10
1.06737e-09
1.06895e-09
9.06892e-10
9.92735e-10
9.78643e-10
1.03127e-09
8.5529e-10
7.68461e-10
7.00548e-10
9.61094e-10
8.98252e-10
1.04708e-09
9.31343e-10
8.45441e-10
1.05296e-09
9.42389e-10
9.92623e-10
9.1028e-10
7.60444e-10
8.42252e-10
9.52783e-10
9.41181e-10
7.56712e-10
9.63362e-10
9.70669e-10
1.16906e-09
7.37926e-10
9.71307e-10
1.01673e-09
1.07932e-09
8.94743e-10
7.57351e-10
9.96157e-10
1.0326e-09
8.99707e-10
8.9651e-10
8.66955e-10
9.90585e-10
1.0945e-09
8.64853e-10
8.74915e-10
1.02189e-09
9.81826e-10
8.13331e-10
7.10711e-10
9.79281e-10
9.54184e-10
9.81418e-10
1.06951e-09
9.81309e-10
7.76094e-10
9.64276e-10
6.91475e-10
7.96431e-10
1.11824e-09
9.88941e-10
8.86319e-10
6.03768e-10
9.63551e-10
9.6363e-10
9.33357e-10
9.43692e-10
1.0352e-09
9.44724e-10
9.11688e-10
9.6791e-10
9.40236e-10
1.09766e-09
8.90743e-10
1.01142e-09
9.71095e-10
7.42771e-10
9.77953e-10
9.44966e-10
8.15283e-10
8.49626e-10
3.08353e-10
9.15163e-10
1.01465e-09
1.11589e-09
1.03572e-09
1.08733e-09
9.25294e-10
7.87336e-10
8.85586e-10
9.25306e-10
7.17921e-10
9.36535e-10
9.02228e-10
9.39483e-10
9.39039e-10
1.00533e-09
9.72105e-10
9.45549e-10
9.96444e-10
1.16093e-09
7.52792e-10
1.22466e-09
8.41858e-10
9.1441e-10
9.0497e-10
8.87936e-10
9.11874e-10
9.26273e-10
9.76099e-10
1.04804e-09
1.0197e-09
1.02349e-09
9.03672e-10
7.01326e-10
9.19556e-10
1.00757e-09
9.53238e-10
1.00704e-09
1.1943e-09
9.71425e-10
1.12447e-09
9.12003e-10
1.02976e-09
8.797e-10
1.08949e-09
1.0487e-09
9.0207e-10
9.48041e-10
1.02056e-09
7.75608e-10
9.71761e-10
7.79462e-10
8.53512e-10
1.00736e-09
9.98026e-10
1.00286e-09
1.01511e-09
8.45563e-10
8.51855e-10
8.98695e-10
9.55389e-10
9.49894e-10
1.02531e-09
1.06629e-09
8.67457e-10
1.03442e-09
9.28446e-10
7.48572e-10
9.63972e-10
8.65531e-10
9.68142e-10
9.25493e-10
8.8794e-10
9.02773e-10
1.0485e-09
9.27877e-10
7.64194e-10
9.54717e-10
8.08754e-10
8.06449e-10
9.04992e-10
1.00238e-09
1.03152e-09
9.4975e-10
9.27883e-10
1.05295e-09
9.29038e-10
9.96162e-10
9.07762e-10
9.44801e-10
7.65215e-10
1.11887e-09
1.11911e-09
9.36136e-10
9.08428e-10
8.26767e-10
6.89112e-10
9.85682e-10
1.0177e-09
9.61191e-10
9.92191e-10
1.07896e-09
8.35012e-10
1.02767e-09
9.32135e-10
9.4396e-10
9.69482e-10
9.60934e-10
9.06293e-10
7.65263e-10
8.61796e-10
1.02302e-09
6.86518e-10
8.32017e-10
8.88749e-10
9.24333e-10
7.1019e-10
1.03581e-09
1.09528e-09
8.71045e-10
7.93166e-10
9.5085e-10
9.83939e-10
9.0577e-10
9.24515e-10
9.23099e-10
9.08853e-10
9.49198e-10
8.9138e-10
7.8211e-10
9.3928e-10
9.1454e-10
8.86366e-10
1.14263e-09
9.12962e-10
9.46779e-10
9.35248e-10
1.06062e-09
9.49248e-10
1.0123e-09
1.06796e-09
9.71521e-10
9.04073e-10
7.48842e-10
8.97331e-10
9.89001e-10
1.11058e-09
1.07191e-09
1.04018e-09
1.01868e-09
8.04978e-10
1.1825e-09
9.24646e-10
7.85503e-10
1.07562e-09
7.15623e-10
1.06947e-09
7.94562e-10
8.54339e-10
8.83586e-10
7.69849e-10
9.31316e-10
1.04345e-09
1.10341e-09
9.91443e-10
9.85431e-10
1.01697e-09
9.67787e-10
1.05643e-09
7.03857e-10
9.82154e-10
1.02317e-09
9.56043e-10
8.29744e-10
9.95455e-10
1.14578e-09
9.37526e-10
9.38105e-10
9.36403e-10
7.48917e-10
7.91392e-10
9.47071e-10
1.02905e-09
1.03036e-09
8.95033e-10
1.02521e-09
8.22996e-10
8.63552e-10
9.93347e-10
8.80031e-10
1.06184e-09
9.99389e-10
9.44194e-10
1.00316e-09
8.71577e-10
8.11165e-10
8.75913e-10
9.3393e-10
9.07944e-10
8.16961e-10
8.19631e-10
1.09787e-09
9.80993e-10
9.58336e-10
8.0778e-10
9.46213e-10
8.13575e-10
1.06048e-09
8.91536e-10
1.11202e-09
9.46292e-10
9.52518e-10
8.44177e-10
8.60283e-10
8.40647e-10
9.04577e-10
9.35131e-10
1.00074e-09
1.00996e-09
6.72109e-10
8.09685e-10
9.33148e-10
1.10926e-09
8.96292e-10
7.90089e-10
9.04358e-10
8.59973e-10
8.04854e-10
8.97618e-10
1.01051e-09
8.07405e-10
9.26601e-10
1.03981e-09
8.58506e-10
9.90249e-10
9.23971e-10
9.64444e-10
8.48299e-10
9.68827e-10
8.58434e-10
9.36587e-10
9.43928e-10
1.12899e-09
1.13623e-09
9.56117e-10
8.96738e-10
7.69674e-10
9.33168e-10
1.02465e-09
8.49189e-10
8.25007e-10
1.00606e-09
1.07821e-09
1.06786e-09
1.0718e-09
1.12282e-09
9.42099e-10
7.47685e-10
9.28314e-10
1.01821e-09
3.21379e-10
7.99686e-10
8.31715e-10
8.45018e-10
9.85951e-10
1.02e-09
8.17618e-10
8.74302e-10
1.02999e-09
9.43376e-10
1.03207e-09
8.57914e-10
9.72962e-10
9.42595e-10
8.40203e-10
1.00971e-09
1.15514e-09
1.03776e-09
1.05347e-09
8.60442e-10
7.17333e-10
7.59428e-10
8.58406e-10
1.08845e-09
9.70763e-10
8.46149e-10
9.72695e-10
9.52295e-10
9.49315e-10
1.01875e-09
9.25077e-10
9.24865e-10
9.27309e-10
9.15683e-10
1.1122e-09
9.45102e-10
8.06709e-10
8.74813e-10
8.51807e-10
7.26409e-10
1.01183e-09
6.84107e-10
9.44764e-10
8.50942e-10
8.41689e-10
9.79525e-10
8.48128e-10
8.49911e-10
9.57399e-10
9.42651e-10
5.87378e-10
9.77588e-10
1.02649e-09
9.49779e-10
7.801e-10
1.02745e-09
9.99291e-10
9.44654e-10
9.44899e-10
1.0085e-09
1.08188e-09
1.06992e-09
9.07891e-10
7.4486e-10
8.74565e-10
1.01936e-09
1.07848e-09
1.07496e-09
1.00541e-09
8.96881e-10
9.87781e-10
8.36769e-10
8.23199e-10
8.66972e-10
1.10083e-09
9.23187e-10
1.03247e-09
9.61253e-10
8.03604e-10
9.48527e-10
9.51681e-10
8.19792e-10
8.1781e-10
8.76755e-10
8.27373e-10
1.07958e-09
9.46527e-10
7.16368e-10
9.62299e-10
9.50863e-10
7.69355e-10
8.62381e-10
1.00622e-09
9.70693e-10
1.01205e-09
1.11436e-09
8.4394e-10
1.08254e-09
9.73449e-10
9.59971e-10
9.83271e-10
3.37479e-10
1.04786e-09
9.21413e-10
6.78827e-10
8.84571e-10
1.07328e-09
9.50516e-10
9.70232e-10
1.01378e-09
9.65114e-10
1.09026e-09
9.69653e-10
9.73805e-10
9.13751e-10
7.1271e-10
9.53147e-10
9.4394e-10
9.12413e-10
9.6276e-10
9.78211e-10
9.48758e-10
9.59817e-10
9.10604e-10
9.43738e-10
1.00853e-09
8.56226e-10
1.02241e-09
7.84159e-10
8.69035e-10
9.05635e-10
9.52381e-10
8.58643e-10
9.36651e-10
9.61756e-10
9.96063e-10
9.92249e-10
9.55296e-10
9.84326e-10
9.20624e-10
9.34216e-10
8.42391e-10
9.24527e-10
9.93116e-10
1.05925e-09
9.72598e-10
8.39755e-10
9.71928e-10
9.58357e-10
8.72076e-10
9.77731e-10
9.02641e-10
9.24801e-10
7.87251e-10
7.86285e-10
1.08363e-09
1.00597e-09
1.22828e-09
1.01542e-09
9.8358e-10
9.12992e-10
1.17009e-09
8.27398e-10
9.63746e-10
8.68105e-10
9.14731e-10
9.56892e-10
9.20069e-10
9.18294e-10
8.96595e-10
7.22666e-10
8.42275e-10
1.01289e-09
8.31454e-10
9.1463e-10
8.81862e-10
9.52189e-10
9.38195e-10
9.98593e-10
9.44542e-10
9.34895e-10
1.03073e-09
1.03475e-09
9.23891e-10
1.08613e-09
8.53279e-10
9.3803e-10
9.37084e-10
1.02925e-09
8.47679e-10
9.39936e-10
9.10767e-10
8.61862e-10
9.95772e-10
8.66622e-10
9.04752e-10
8.91865e-10
8.84253e-10
8.54186e-10
1.07412e-09
8.95537e-10
1.03319e-09
9.8681e-10
9.96709e-10
9.40177e-10
8.94446e-10
7.64076e-10
6.21821e-10
9.62388e-10
8.52666e-10
1.33986e-09
1.22951e-09
9.06338e-10
8.37457e-10
1.09575e-09
7.77938e-10
8.14257e-10
9.34946e-10
8.77094e-10
8.69966e-10
8.42728e-10
8.85293e-10
8.50896e-10
3.2902e-10
9.3686e-10
9.34967e-10
6.72423e-10
1.02485e-09
8.42019e-10
1.02872e-09
8.67164e-10
