0.00245447,9.9592e-23,0.000962421,0.000858643,0.000815881,0.000752887,0.0
0.00194264,0.00358035,3.58129e-24,0.000670547,0.000765696,0.000767954,0.0
0.00257459,0.000615838,0.000462642,0.000827484,0.000435295,0.000745092,0.0
0.00486487,1.16218e-23,0.00162569,0.00145808,0.000418248,0.000805445,0.0
0.00247935,0.000137475,0.00251551,0.000755542,0.000768696,0.000742822,0.0
0.00249596,2.25183e-08,0.00074688,0.000382309,0.000989238,0.000767803,0.0
0.0,1.16937e-23,0.000874857,0.00171835,0.000348571,0.000769592,0.0
0.00316422,0.00168494,0.000338803,0.000885327,0.00121366,0.000768951,0.0
0.0,0.00152015,3.0723e-07,0.00142027,0.000675313,0.000729452,0.0
0.00176051,0.0,0.00076388,0.00107854,0.000719263,0.000744555,0.0
0.0,0.00502645,0.00182896,0.000824501,0.000532757,0.000721039,0.0
0.0051114,0.00341607,0.00274218,0.000657181,0.000891449,0.000670071,0.0
0.0,0.0,0.000352781,0.00201163,0.00100635,0.00076403,0.0
0.000940651,0.0,0.000326479,0.00112595,0.000683988,0.000746402,0.0
0.0,3.00335e-36,1.31502e-20,0.000782801,0.000760647,0.00073425,0.0
2.69317e-14,0.0,0.000989213,4.60283e-16,0.000616871,0.000838469,0.0
0.0,0.000203669,0.00210558,0.000732416,0.00108673,0.000661691,0.0
0.00651879,0.0,0.00172121,0.00117994,0.00082347,0.000760406,0.0
0.0,1.63327e-23,0.00250411,0.000326926,0.000913862,0.000738133,0.0
0.00507353,2.72142e-26,3.03093e-21,3.01063e-17,0.000641482,0.0008629,0.0
0.00245381,0.00263096,0.000418369,0.00081102,0.00114425,0.000772524,0.0
0.0,0.0,1.29777e-06,0.0006544,0.000884907,0.000760012,0.0
0.00019754,0.0,0.00117687,0.000409579,0.000865094,0.000738682,0.0
0.00637913,0.00085657,1.86829e-17,8.08419e-05,0.000785678,0.00072107,0.0
4.71708e-13,0.00254433,0.0,2.11764e-26,0.00133655,0.000733375,0.0
0.0,0.00107032,0.000565073,6.07447e-15,6.25276e-05,0.00082379,0.0
0.00161332,0.000567261,0.00113216,0.00117074,0.000504096,0.000803797,0.0
0.0,0.0,0.00280365,0.000205792,0.000912582,0.00069241,0.0
0.0032528,0.0,4.81132e-18,0.000831739,0.000754253,0.000812754,0.0
0.0,0.00171516,0.00169497,0.00116617,0.000851984,0.000748707,0.0
0.000509849,0.00159349,0.000359728,0.00040521,0.000943497,0.000721964,0.0
0.00323658,0.0,0.00151385,0.0014612,0.00109369,0.000672506,0.0
9.51293e-11,2.39875e-28,0.000466413,0.00110476,0.000569716,0.000757153,0.0
1.09762e-13,0.00599516,0.000697578,0.00132631,0.00053312,0.000816331,0.0
2.04293e-09,4.13709e-18,0.000463546,0.000962505,0.000170188,0.000874032,0.0
0.00639839,0.0,0.00169348,0.00049256,0.000922479,0.00065882,0.0
0.00533793,0.00452292,0.00328001,0.00103089,0.000742244,0.000721371,0.0
0.0,0.0,0.0016332,1.83731e-15,0.000903907,0.000752785,0.0
1.20912e-19,0.0,0.00227482,0.00100288,0.00066359,0.000745743,0.0
0.0,0.0,0.00270672,0.00157298,0.000598658,0.000634801,0.0
0.0,0.000214015,1.30756e-06,0.000797759,0.000638472,0.000720068,0.0
0.00253726,4.50938e-25,0.0020216,0.000915728,0.000367668,0.000797844,0.0
0.0,0.00178931,0.00134249,0.000698125,0.000548156,0.0007597,0.0
0.0,0.00385349,0.00280673,0.000548816,0.00064081,0.000770841,0.0
0.0,0.0,8.35943e-23,0.000385143,0.000638811,0.000807256,0.0
0.0,0.00610254,0.0014773,0.000787606,0.000692478,0.000750288,0.0
0.00321887,0.00665587,0.000680344,0.00211134,0.000368963,0.00076196,0.0
0.0,0.00176401,0.000310367,0.000398637,0.00059514,0.000843817,0.0
0.0,0.00271352,0.00121262,0.000484635,0.00128381,0.000635739,0.0
0.00288253,0.000267017,0.000153482,0.000414595,0.00101628,0.00076207,0.0
0.0,0.0,0.00152535,0.00101408,0.00091943,0.000667984,0.0
2.3241e-05,0.00174125,0.00202131,7.24307e-05,0.000822677,0.000763505,0.0
0.0,0.00088517,0.00100132,0.00113938,0.00120838,0.000772276,0.0
0.0,0.00188593,0.00196904,0.000850881,0.000860554,0.000807484,0.0
0.0,0.0,0.00191444,0.00128921,0.00117462,0.000722973,0.0
2.2444e-10,0.000298792,0.00164204,0.00025924,0.00136915,0.000647839,0.0
0.00082924,0.00325738,0.00342197,0.00115032,0.000537134,0.000747425,0.0
0.0,0.00525181,0.000433607,0.001031,0.00067011,0.000769861,0.0
0.00316951,0.00100266,1.61562e-23,0.000759678,0.000989206,0.00075555,0.0
0.00495063,4.35384e-16,0.00252675,0.000305903,0.00068542,0.000809629,0.0
0.0,0.000952584,0.000928517,0.00116344,0.00102597,0.000694077,0.0
1.37868e-10,1.79428e-23,0.00223761,0.000508264,0.000979838,0.000711669,0.0
0.00739207,0.00143272,1.07535e-23,0.000258418,0.000827844,0.000765349,0.0
0.0,3.12139e-28,4.07806e-10,0.000429909,0.000540599,0.000766555,0.0
0.00149438,0.00114666,0.00142472,0.00160691,0.00106537,0.000685485,0.0
2.47339e-23,0.0,0.000409916,0.000379069,0.000885841,0.000782235,0.0
0.0017743,0.000591409,0.00120734,0.00104214,0.00113887,0.000699432,0.0
0.0,0.0,0.000845899,0.00144556,0.00118793,0.000737335,0.0
0.00531217,5.91993e-31,0.0018883,0.000804338,0.00152873,0.000690515,0.0
0.00903216,3.20839e-16,0.000836677,0.000265806,0.000836434,0.000871061,0.0
0.00242499,3.62314e-05,0.00103358,0.000464776,0.000867374,0.000698254,0.0
0.0,0.0,0.00130464,0.00110905,0.00074505,0.000787697,0.0
0.0,0.0,0.000331657,0.000882028,0.000776564,0.000715211,0.0
0.00252657,0.00378544,0.000454267,0.0016719,0.00108191,0.000650007,0.0
0.0,4.68959e-17,0.00106958,0.00183786,0.00106343,0.000688068,0.0
2.96425e-18,1.6175e-35,0.0,6.87336e-05,0.000636911,0.000858724,0.0
0.0,2.51964e-16,0.000261742,0.000755781,0.000537826,0.000828121,0.0
0.00162703,0.0,1.62263e-10,0.00084118,1.61981e-06,0.000796409,0.0
0.00175044,4.25573e-16,0.00128112,0.000414928,0.00146159,0.000736052,0.0
0.00025615,0.00145613,0.000298062,0.00105628,0.00123381,0.000728717,0.0
6.44243e-14,5.10245e-26,0.0,0.000693668,0.000632471,0.00073528,0.0
0.00328842,5.74462e-40,0.00121979,0.000184505,0.000885343,0.000707156,0.0
0.0,0.00025295,0.000159304,0.000118333,0.000322594,0.000874328,0.0
0.0,0.00290329,0.00150153,0.000258669,0.000923746,0.000753397,0.0
4.14089e-23,0.0,0.00393457,0.000824391,0.000815994,0.000798874,0.0
0.0,0.00110774,0.00319422,0.0014014,0.00154198,0.00056321,0.0
0.0,0.0,2.96551e-05,0.000820691,0.000845143,0.000694738,0.0
0.00167464,2.63404e-29,1.62346e-05,0.0013419,0.000306324,0.000683942,0.0
0.0,0.00158939,1.24691e-23,0.000758411,0.00105517,0.000759966,0.0
0.0,0.00327116,0.000182061,0.000445747,0.00107482,0.000667315,0.0
0.00661281,1.28883e-23,0.00161539,3.65718e-07,0.000440262,0.000782504,0.0
0.00125064,0.00701289,1.70012e-23,0.00205109,0.00110759,0.000660643,0.0
0.0,0.00305269,0.00043542,7.77521e-05,0.000864793,0.000745047,0.0
0.0,0.0,0.000946723,0.000892186,0.000666739,0.000832374,0.0
0.00522083,2.39562e-25,0.000664122,0.00216148,0.000673495,0.000756088,0.0
0.0,0.00138762,2.97621e-07,1.50919e-06,0.000942515,0.000773731,0.0
0.00174491,0.00300094,0.00122207,2.13415e-06,0.000782627,0.000759274,0.0
0.0,0.00196645,0.00078395,0.00078422,0.000693521,0.000822717,0.0
0.0,0.0,8.44454e-25,0.000211126,0.00140582,0.00080753,0.0
0.0,0.00162917,5.20498e-09,0.00179476,0.000847415,0.00071624,0.0
0.00597814,1.7984e-23,2.71718e-14,0.00233023,0.000759891,0.000764784,0.0
0.0,7.16937e-12,0.0,0.00177639,0.00103417,0.000725668,0.0
0.0,0.0,0.00233535,0.000840953,0.000458005,0.000755189,0.0
0.00320605,1.40842e-23,0.00113388,0.00144365,0.000555034,0.000759502,0.0
0.0,0.00127791,1.01641e-12,0.0015704,0.000704993,0.000740228,0.0
0.0,1.02119e-23,7.41044e-05,0.000590267,0.000430752,0.000898765,0.0
0.0,0.0,0.00129481,0.00120813,0.000362928,0.000728542,0.0
0.0,0.0,0.00245384,0.000877353,0.000796592,0.000767006,0.0
0.0,1.11632e-33,1.40891e-17,0.000271963,0.000543791,0.000788787,0.0
0.0,0.0,0.00147413,0.00124477,0.000952355,0.000731408,0.0
0.0,0.0,0.00115085,0.00026551,0.000896567,0.000788238,0.0
0.0,0.000928035,0.000888576,0.000249272,0.00108988,0.000662629,0.0
0.0,4.93575e-30,0.00226137,0.00053482,0.00101315,0.000683813,0.0
0.00242598,0.00107263,0.000115815,0.0012291,0.000886728,0.000798219,0.0
0.00327959,0.0,0.00140996,0.000391389,0.000446011,0.000839597,0.0
0.00238623,0.00264173,3.09245e-32,0.00133724,0.000825668,0.000710985,0.0
0.0,1.97005e-23,0.0,0.0012655,0.000912025,0.000759232,0.0
0.00182925,0.00120663,0.00133874,0.00153539,0.000793674,0.000718807,0.0
0.00116908,0.00281279,8.91186e-05,0.00208099,0.000587972,0.000745543,0.0
0.000683596,0.00196051,2.86202e-05,0.000731192,3.13811e-05,0.000810144,0.0
0.0,1.5626e-08,8.80022e-20,0.00214119,0.000565504,0.000682452,0.0
0.00250068,0.0015886,0.00151235,0.00198959,0.000452929,0.000685932,0.0
2.00611e-28,0.0,0.000808279,0.00054378,0.000555157,0.000796565,0.0
0.0,0.00130992,0.00268411,0.000271264,0.000567585,0.000782507,0.0
5.34059e-12,0.0,0.00196173,0.00133644,0.00105338,0.000760061,0.0
6.52191e-11,0.0,0.0,0.000791206,0.000441414,0.000843586,0.0
0.00119375,0.00127238,6.02801e-05,0.00142973,0.000533807,0.000763785,0.0
0.0,1.60433e-23,1.27754e-18,0.000345477,0.000868201,0.000784634,0.0
0.000115184,0.0,0.000733705,0.000771815,0.000841783,0.000767526,0.0
0.0,6.21609e-24,3.73166e-24,0.000875833,0.00128362,0.000780121,0.0
0.0,0.0,0.00105575,0.00110027,0.00052822,0.000844521,0.0
0.00174816,0.00152979,0.0016787,0.000924189,0.000981819,0.000705758,0.0
0.0,0.000142551,0.000287991,0.000161166,0.000896379,0.000751096,0.0
0.0,0.00185896,0.000760993,0.00126358,0.000706992,0.000810375,0.0
0.0,6.7942e-05,0.00155754,0.000472343,0.00032082,0.000809176,0.0
0.00294249,1.84379e-23,0.0,0.00149192,0.000270687,0.000850115,0.0
1.99491e-14,0.0,0.000613291,0.000401102,0.000692035,0.000775146,0.0
0.000206071,0.000821812,0.00108785,0.000617549,0.000729675,0.000780257,0.0
0.0,0.0,0.0025232,0.000611919,0.000439895,0.00074556,0.0
0.00558893,2.7777e-05,0.00146542,0.0015911,1.44221e-05,0.000853849,0.0
0.0,0.00265967,1.20217e-23,7.39125e-05,0.00104019,0.000735044,0.0
0.0037813,0.00317259,0.00078292,0.00109031,0.000930303,0.000654265,0.0
0.0,0.00182935,1.73457e-09,0.000275024,0.00109085,0.00078115,0.0
0.00154927,0.0,0.000675308,6.63325e-05,0.000416298,0.000843111,0.0
0.0,0.000862355,0.000833546,0.00181793,0.000791252,0.000690091,0.0
0.00340694,0.00396847,0.000515853,0.000597984,0.000833523,0.000806821,0.0
0.0,0.00113421,0.000940739,1.64712e-23,0.000674639,0.000743263,0.0
0.0046851,0.00213934,0.0,0.000724006,0.000380148,0.00076494,0.0
1.49615e-23,0.0,0.000345565,0.000581284,0.00108861,0.000791162,0.0
0.0,0.0,4.67442e-30,0.00121408,2.17989e-06,0.000765133,0.0
0.0,0.00158684,0.00131066,0.00126024,0.000595153,0.000742102,0.0
0.0,0.00218901,0.00126268,0.000790262,0.000793089,0.000778478,0.0
0.00324665,3.25074e-15,0.00181067,0.000903949,0.000371375,0.000802928,0.0
0.0034221,0.0,8.54709e-19,0.000609899,0.00111854,0.000677614,0.0
0.00555723,0.00353423,2.75133e-14,0.000832901,0.000972171,0.000730478,0.0
0.00335954,6.14293e-05,0.000953414,0.00173611,0.00106447,0.000742113,0.0
0.0,0.00112451,0.000698085,0.00138719,0.00079348,0.000729053,0.0
1.39069e-23,0.0,0.00184787,0.00172815,0.000543117,0.000745162,0.0
0.00246176,0.00216284,4.74718e-15,0.000422453,0.00080591,0.000699092,0.0
0.0,3.69796e-35,7.71672e-28,0.000883815,0.000859518,0.000779317,0.0
0.000888483,0.000813439,0.000796149,0.00034309,0.000114515,0.000844478,0.0
0.0024091,0.0015897,0.000630975,0.000283538,0.000588143,0.000778615,0.0
0.00326198,0.0052864,0.0023926,0.00133517,0.00125343,0.00067482,0.0
2.80322e-23,0.00166394,0.000529466,0.00100482,0.000505275,0.000826563,0.0
0.00526714,0.0,0.00152284,1.15571e-23,0.000740443,0.0007554,0.0
0.00318042,0.00158241,0.00180759,7.49744e-10,0.00118592,0.000733482,0.0
0.000843408,0.00194154,0.000679991,0.000679932,0.000805471,0.00080298,0.0
0.00164512,1.18432e-23,0.000181227,0.000550158,0.000841417,0.000752092,0.0
0.0,0.0,0.00133355,0.00125323,0.00100362,0.000757543,0.0
0.0,0.0,0.0,0.00180385,0.000789145,0.000752326,0.0
0.0029665,0.000893411,0.000857788,0.00108929,0.00136495,0.000779724,0.0
3.04006e-11,3.20113e-07,0.00370509,0.00044369,0.00108885,0.000785302,0.0
0.0,0.0,0.00186736,0.000457971,0.00114124,0.000766984,0.0
1.15605e-24,0.00661482,0.00196117,0.00224927,0.000757445,0.000696872,0.0
0.0,0.00323042,0.000771529,0.000568276,0.000826348,0.000673075,0.0
0.00305687,0.00181169,0.000639275,0.00177393,0.000970373,0.000716248,0.0
0.00249323,0.0,4.84505e-24,0.00158927,0.000881971,0.000754355,0.0
0.00187483,0.0,3.07496e-20,0.000877987,0.000296404,0.000863802,0.0
0.00546133,0.0,0.00299172,0.00160414,0.000716839,0.000800435,0.0
0.00295129,0.000198847,0.00160737,0.000331028,0.000626133,0.000828918,0.0
0.0,0.000833041,0.00110212,0.000452541,0.00101183,0.000770086,0.0
0.0,9.31963e-06,0.000695118,0.00122925,0.000594524,0.00070384,0.0
0.00102429,0.00248943,0.000797095,1.4314e-10,0.001289,0.000718188,0.0
0.00429724,0.00286529,1.85039e-09,4.05079e-15,0.000912564,0.000720042,0.0
0.000300132,0.00680764,5.86136e-06,0.0012531,0.00104873,0.00072686,0.0
0.0,9.4081e-25,0.00171671,0.000728576,0.00093229,0.000748367,0.0
0.00457836,0.00225571,0.00277114,0.000766946,0.00073065,0.000699647,0.0
0.0,1.32674e-23,0.00177283,0.00120798,0.000842738,0.000759526,0.0
9.30848e-05,0.00363352,0.00161533,0.00129782,0.000457112,0.000790673,0.0
0.00351926,0.0,0.000364999,0.000512968,0.000491727,0.000805268,0.0
0.0,0.00483666,0.00175397,0.000353501,0.000814991,0.00081573,0.0
0.0040925,0.0,0.00182369,0.00177793,0.00131054,0.000704936,0.0
0.00212004,0.00268831,0.000877419,0.00186157,0.000575641,0.000762651,0.0
0.0,4.15704e-39,0.0015453,0.000691283,0.00147719,0.00072601,0.0
0.0,0.00103287,0.000802963,0.000237454,0.000763161,0.000732841,0.0
0.0024835,7.89381e-06,0.001349,0.0003156,0.000960167,0.00073798,0.0
0.0,0.00026722,0.000470071,0.00190862,0.000946591,0.000669954,0.0
0.0,0.0,3.01873e-36,0.00169098,0.0010143,0.000762533,0.0
1.12349e-23,0.00165096,0.00453353,0.000749887,0.00169128,0.000681067,0.0
0.00419503,0.0,1.1023e-23,0.000128415,0.0012959,0.000733875,0.0
0.0,0.00152157,0.0,0.000437626,0.000487221,0.000846105,0.0
0.00166787,0.00243435,0.000662592,0.000984397,0.000197071,0.000779239,0.0
0.00404638,0.0,0.00170353,0.000483434,0.000676504,0.000817459,0.0
0.0029787,0.00275841,4.6956e-17,0.00126487,0.00116162,0.000768113,0.0
0.0,4.62811e-12,0.00123029,1.22296e-10,0.000901397,0.000722053,0.0
0.00301855,1.64555e-05,0.000857104,0.000660373,0.00105865,0.000728804,0.0
0.0,0.0,0.000100961,0.000571425,0.000884577,0.000704811,0.0
0.0,0.0,1.89053e-23,0.000800891,0.000635185,0.000800698,0.0
0.0,8.78329e-05,0.00102777,6.09716e-08,0.000971412,0.000731168,0.0
0.0,0.00137178,6.57533e-05,0.000948675,0.000844549,0.000774462,0.0
0.00417161,0.0,0.00188472,0.00123635,0.000697448,0.000687482,0.0
0.00320936,0.0,0.00105285,0.000944618,0.000792269,0.000753938,0.0
0.0,1.46364e-23,0.000675443,3.90722e-06,0.000936145,0.000710253,0.0
0.0,0.0,0.0,0.000542636,0.000691721,0.00067845,0.0
0.00041124,1.28799e-23,0.000574126,0.00150026,0.00100947,0.000699646,0.0
1.35633e-16,0.0,6.20705e-31,0.00113888,0.000696844,0.000835201,0.0
0.0,0.00155973,0.000643384,0.00070233,0.000786718,0.000869806,0.0
0.0,9.74884e-05,0.000496193,0.000561892,0.000815581,0.000777176,0.0
0.0,0.00380949,1.07508e-36,1.22266e-23,0.0012029,0.000770729,0.0
0.0,0.0,0.000636212,0.00028449,0.00105588,0.000695331,0.0
0.0032798,1.52752e-23,0.000903857,0.000343197,0.000958677,0.000785574,0.0
0.0,0.000718034,5.33333e-06,0.000296518,0.000752612,0.000829827,0.0
0.0,0.0,0.000995744,0.000886514,0.00117395,0.000680883,0.0
0.0,0.00171272,0.00103076,0.000418946,0.00069625,0.000722828,0.0
0.0,0.0,0.000537815,0.00122363,0.000413989,0.00073187,0.0
0.0,1.44267e-26,1.41295e-07,0.00132783,0.00017489,0.000214568,0.000240107
0.00238714,8.17376e-19,0.000963451,0.000800986,0.000524419,0.000714959,0.0
0.0,0.00499848,0.000238263,0.000475843,0.000986432,0.000742214,0.0
0.0,3.88284e-40,0.000743339,0.00026746,0.000198163,0.000873913,0.0
0.0,0.0035409,0.00355107,0.000908604,0.000677771,0.000650999,0.0
0.00245665,5.13125e-34,0.00206962,0.00054187,0.000576319,0.00070051,0.0
0.00419855,0.0,9.6976e-17,0.00046193,0.000562908,0.000759159,0.0
0.0,3.83685e-37,0.00199554,0.00116227,0.0010454,0.000776189,0.0
1.64068e-23,0.0012897,0.00202245,0.00261588,0.00060469,0.000789624,0.0
0.0,0.00163685,1.38167e-12,0.000785957,0.000744434,0.000782674,0.0
3.12165e-24,0.00169683,0.000683531,0.000133187,0.000949145,0.000774138,0.0
0.0,0.0,2.62195e-06,0.000217003,0.000126905,0.000233319,0.000223162
0.0,1.66496e-23,0.00122412,0.000428831,0.000807361,0.000826486,0.0
0.00675488,9.22667e-05,0.00129298,0.000853852,0.000921352,0.000751871,0.0
0.00565817,0.00261048,0.00240209,0.00124566,0.00137344,0.000679774,0.0
4.37858e-32,0.00326546,1.053e-23,0.00140872,0.000549078,0.000747302,0.0
0.0,0.00329916,8.79294e-15,0.000487497,0.00156487,0.000732147,0.0
0.00298415,0.0,0.00073715,0.000770158,0.000946392,0.000803992,0.0
0.0,6.52725e-16,0.001436,0.00208117,0.000825427,0.000835385,0.0
0.00228927,0.00523185,0.000223555,0.00243137,0.000365078,0.000752935,0.0
0.0,0.0,2.56873e-16,0.000777209,0.00116043,0.000811385,0.0
3.14949e-23,0.0,0.000313643,0.00126495,0.000982203,0.000745181,0.0
0.00514681,0.0,0.00276919,0.000199522,0.000863448,0.000785789,0.0
0.0,0.0,0.000994053,0.000767029,0.000658149,0.000788458,0.0
0.0,9.1523e-24,0.00147079,0.000934334,0.00100299,0.000731198,0.0
0.0,1.10065e-23,2.75712e-06,0.00169524,0.00073064,0.000793153,0.0
0.0,0.0,0.000983776,0.000562672,0.000752222,0.000743339,0.0
0.00320314,0.0,0.000571586,0.00114493,0.000917608,0.000668073,0.0
0.00102042,0.0,0.000828787,0.00139139,0.00093886,0.00073439,0.0
0.0,0.000886595,0.00136423,0.000969316,0.000797374,0.000711589,0.0
0.0,0.0,0.00303776,0.00308599,0.000822025,0.000631089,0.0
0.00075429,1.07902e-12,1.35173e-23,0.00104117,0.00101591,0.000717553,0.0
0.0,0.00243828,2.97865e-18,0.000583509,0.00082866,0.000807579,0.0
0.0,8.84766e-15,0.0,0.00071203,0.000478513,0.000829743,0.0
0.00423781,0.00274985,0.00214357,0.000853905,0.000624926,0.000744804,0.0
0.0068765,0.0,3.43227e-11,0.00174352,0.00110197,0.000731116,0.0
0.0,0.0,0.000166604,0.00154022,0.00113473,0.000812869,0.0
0.0,0.0,1.85869e-25,0.00155714,0.00106273,0.000668387,0.0
0.0,0.00119977,2.10662e-16,0.000581961,0.0017588,0.000703796,0.0
7.11432e-34,2.02595e-30,0.00105353,0.000562944,0.000910429,0.000792249,0.0
0.0,0.0,0.00153091,0.00154779,0.000619479,0.000752565,0.0
0.0,0.000124421,0.000557597,0.000633622,0.000777748,0.000792417,0.0
0.00255778,0.0,0.00100941,0.00167881,0.00111657,0.000732181,0.0
0.0,0.0,0.000105521,0.000304096,0.000623293,0.000772416,0.0
0.00119162,7.07304e-24,0.00162849,0.000740506,0.000942238,0.00076256,0.0
0.00452991,0.0,0.00125006,0.00133276,0.000604587,0.000785366,0.0
0.0,0.00143502,0.000989284,0.0017609,0.00084618,0.000699146,0.0
0.0017123,0.0,0.00128048,3.12006e-06,0.000780781,0.000765732,0.0
0.00092083,1.20433e-23,2.32221e-10,0.000808602,0.00115431,0.000764655,0.0
0.00534791,0.000944908,1.02031e-20,0.00124606,0.000989787,0.000701906,0.0
0.0,0.00456182,0.00234952,0.00200124,0.00104195,0.000659997,0.0
0.0,0.000105243,1.55428e-25,0.00152786,0.000952201,0.000758606,0.0
0.000107039,0.00293747,0.000301473,0.000297969,0.000606467,0.000767942,0.0
0.0,0.00382392,0.00130885,0.00114036,0.000844909,0.000776477,0.0
0.0,0.0,0.00130904,0.000633822,0.000434328,0.000814751,0.0
0.00109764,0.0,0.0,1.27459e-06,0.000622376,0.000723702,0.0
0.0,0.00268009,2.77148e-12,7.46228e-06,0.000587379,0.000832741,0.0
0.00576112,0.000478922,0.00123386,0.00078175,0.00114201,0.000731349,0.0
1.24384e-14,0.00243353,0.00262239,0.000862936,0.000363328,0.00076161,0.0
0.00496893,0.0,0.000939782,0.00133713,0.000868722,0.000760713,0.0
0.0,0.0,6.33544e-05,0.000507281,0.000615262,0.00083253,0.0
0.0,0.0,0.0,0.00146287,0.000521753,0.000791693,0.0
0.0110674,0.0,7.94681e-13,0.00216564,0.000579567,0.000779033,0.0
0.00025532,0.00147889,6.21967e-18,0.00169034,0.000710997,0.000758453,0.0
0.00160416,3.76543e-05,9.2624e-24,0.000319253,0.000325831,0.000818741,0.0
0.001788,0.000898966,1.62363e-26,0.00054165,0.000936228,0.000701316,0.0
0.0,1.25582e-22,0.000161313,3.11973e-06,0.000805895,0.000704817,0.0
0.0,0.000494692,0.00106528,0.00159862,0.000704133,0.000693414,0.0
0.0,0.00256109,0.00126411,0.00113454,0.000815334,0.000771621,0.0
0.0,1.19622e-09,0.00282202,0.0010916,0.000610536,0.000683967,0.0
0.0,0.0,0.000295433,0.000754082,0.000570015,0.000775541,0.0
0.00386708,0.00261618,0.00101913,0.000176883,0.00111071,0.000785961,0.0
0.0,0.00130867,0.00358817,0.000876982,0.00129378,0.000734168,0.0
0.00490653,0.0,0.000216888,0.000967455,0.000483348,0.000854563,0.0
0.0,0.0027082,1.7486e-37,3.35392e-14,0.000863639,0.000751265,0.0
4.54582e-27,0.00185778,0.000752368,0.00129352,0.00124766,0.000697949,0.0
1.40593e-23,0.0,0.00423599,0.000521619,0.000514012,0.000721551,0.0
0.0,3.07163e-27,0.00326087,0.000747893,0.00111084,0.00082333,0.0
0.0,0.0,0.0,0.0011141,0.000721415,0.000834813,0.0
0.0,0.0,0.0014319,0.00146866,0.000680584,0.00079731,0.0
7.76627e-07,0.00157907,0.00127289,0.000554722,0.0012077,0.000679573,0.0
0.00172047,0.00241672,0.00151157,0.000762067,0.000721407,0.000725789,0.0
0.0,4.10795e-17,0.000671507,0.000538798,0.00074545,0.00088257,0.0
5.79999e-24,5.59963e-05,0.000284016,3.61069e-24,0.000556882,0.000815225,0.0
0.00539447,0.00227036,0.000434402,1.76498e-23,0.00100951,0.000704533,0.0
0.00170443,0.0,0.0003758,0.000445441,0.00113597,0.000779115,0.0
0.0,1.01202e-27,0.00157388,0.00063106,0.00119598,0.00076038,0.0
0.0,0.00165372,0.000177655,0.000197149,0.00135771,0.00077088,0.0
0.0,0.0,0.000670291,0.00208428,0.000841963,0.000673573,0.0
0.0,0.00057,0.00108199,0.000421747,0.00106779,0.00071418,0.0
0.0,0.0,0.000390576,0.000830565,0.000631694,0.000707444,0.0
0.0,0.00119767,2.6716e-24,0.00104699,0.000575511,0.000780815,0.0
0.00524132,0.0,0.00159435,0.00107188,0.000659917,0.00084899,0.0
0.0,7.7844e-06,2.44629e-19,0.000477283,0.00048632,0.000846738,0.0
0.0024936,0.0,0.00267173,0.000808653,0.000939481,0.000725416,0.0
0.0,0.000157681,0.00181646,1.68345e-19,0.000586495,0.000688945,0.0
0.0,0.0,2.98343e-19,0.000495525,0.000892352,0.000744375,0.0
0.00314758,0.00290443,0.00128617,0.00174903,0.00100898,0.000696304,0.0
0.0,0.00105023,1.44353e-37,0.00182016,0.000480555,0.000776619,0.0
0.0,1.41883e-23,0.0,3.59173e-14,0.000834867,0.000712664,0.0
0.00588005,1.07123e-08,0.000497012,0.00192667,0.000461781,0.000714108,0.0
0.0,0.00089497,0.000941424,0.000474702,0.000647698,0.000801667,0.0
0.0,3.42882e-05,0.00202951,0.000855516,0.00135795,0.000743602,0.0
0.0,0.00161128,0.00275615,0.00130175,0.000466515,0.000782869,0.0
0.0,0.0,0.000135773,0.000795711,0.000853303,0.000762535,0.0
4.13495e-11,0.0,0.0017832,0.00122932,0.00167229,0.000645028,0.0
0.00104318,0.000889945,0.000768741,0.00119379,0.00073911,0.000722386,0.0
0.00327026,0.00556538,4.39221e-05,0.000792487,0.000682371,0.000797087,0.0
0.0,0.00117962,0.000932565,0.000908926,0.000169009,0.000832863,0.0
0.00396369,0.000683168,0.00113337,0.000796974,0.000941225,0.000797642,0.0
1.02932e-08,0.00167869,0.00148869,0.000248332,0.001107,0.000777558,0.0
0.0,0.0,0.00051402,0.000255705,0.000560548,0.000805807,0.0
0.0,5.54848e-24,0.000174327,0.000941963,0.000708463,0.00075547,0.0
0.0,0.0,0.00173881,0.000199404,0.00097921,0.000806707,0.0
0.00210229,5.37264e-28,0.000245387,0.000187898,0.000930192,0.000722948,0.0
0.0,0.00496983,1.72194e-16,0.00065713,0.000219029,0.000792215,0.0
0.0,0.00022946,0.000352427,0.000611305,0.000974739,0.000696474,0.0
0.00168924,0.0,1.46779e-16,0.000995989,0.00109299,0.000750376,0.0
0.0,0.0,0.00455457,2.08931e-21,0.000929685,0.000665144,0.0
0.0,1.20176e-18,0.00182907,0.00116517,0.000509014,0.00063841,0.0
0.00764564,0.0,0.00127268,0.00205584,0.000400557,0.000768457,0.0
0.00113731,0.00330593,0.000559753,0.000989581,0.000843355,0.000728975,0.0
0.0,0.00186725,1.15076e-23,0.000745957,0.000744804,0.000777106,0.0
0.0,0.00118905,0.000744663,0.000927099,0.000962293,0.000797979,0.0
0.0,0.0,0.00260915,0.00120913,0.000446874,0.00083636,0.0
4.40294e-12,0.00013819,0.00197252,0.000650294,0.00127352,0.000762657,0.0
1.19899e-17,0.0,4.96711e-06,0.000487102,0.000866844,0.000822167,0.0
0.0,0.00462566,0.00307272,0.000773808,0.000518012,0.000715174,0.0
0.0,0.00355699,0.000915894,0.00134805,0.00111781,0.000736882,0.0
0.00607876,0.00184719,0.00191809,0.00085224,0.000972995,0.00072525,0.0
0.0,2.841e-16,1.76806e-23,1.85984e-30,0.00127303,0.00077053,0.0
2.34438e-09,0.0,0.00318937,0.00105805,0.000507818,0.000758689,0.0
0.0,0.0,0.00106266,0.0013945,0.00057985,0.000749441,0.0
0.0,0.000362895,1.08048e-07,0.00109652,0.000565975,0.000745113,0.0
0.0,1.26369e-28,2.30402e-09,0.00164058,0.000380105,0.000774509,0.0
0.00328145,0.00238528,0.00156022,0.000648422,0.000631375,0.000837643,0.0
0.0,3.19276e-30,0.000509699,0.00123005,0.000883273,0.000763963,0.0
0.00131341,0.0,0.000347166,0.00101465,0.000579443,0.000834896,0.0
1.09818e-27,5.93264e-05,2.6058e-18,0.00113004,0.00123223,0.000731054,0.0
0.0,0.0,0.00213034,0.000139511,0.00107716,0.000753123,0.0
0.00241266,0.00321318,0.0,0.00056345,0.000759867,0.000808101,0.0
0.00142093,0.00325246,1.22594e-11,0.00104924,0.00104118,0.000803044,0.0
3.27783e-22,0.00270847,0.00138698,0.00246575,0.000426135,0.000766117,0.0
0.0,0.00152863,0.000885217,0.00206525,0.00127507,0.000561818,0.0
0.0,0.0,0.0004178,0.000719397,0.000727878,0.000696606,0.0
0.0,0.0,0.00176676,0.000798312,0.000618206,0.000773287,0.0
0.0,0.0,2.40773e-19,3.80787e-19,0.000644017,0.000731878,0.0
0.0,0.0,0.00163529,0.000279911,0.000516144,0.000792487,0.0
0.0,6.22849e-09,0.000208545,0.000812914,0.00108081,0.000812839,0.0
0.0,0.00155992,0.000444122,0.000410589,0.0010167,0.000773002,0.0
0.0,2.95128e-23,7.22392e-15,1.04373e-24,0.00025607,0.000824245,0.0
0.0,0.000853054,0.000679396,0.000871708,0.000745823,0.000804299,0.0
0.0,0.00440133,0.00224207,0.000767393,0.00085112,0.000805827,0.0
0.00301658,0.000853881,0.00125111,0.00128472,0.000639459,0.000692734,0.0
0.0,0.0,0.000456493,0.0017239,0.000652515,0.000701994,0.0
0.00504393,0.00548873,0.00116197,0.000309113,0.00118064,0.000739118,0.0
0.000354182,3.29005e-35,0.00124128,0.000322647,0.000576732,0.000821559,0.0
0.00556535,0.00148722,4.61474e-21,0.0010972,0.000815995,0.000795862,0.0
0.0,0.000416304,0.00110579,0.000521754,0.000858083,0.000721102,0.0
0.0,6.3564e-21,0.00166589,1.18336e-06,0.000781418,0.000681385,0.0
0.00584419,0.0,2.08317e-20,0.000997032,0.00127444,0.000745127,0.0
0.00489475,0.0,0.000644602,0.00039298,0.000537525,0.000792703,0.0
0.00542258,0.00278675,0.000782664,0.00120121,0.000402516,0.000761559,0.0
0.0,0.0,3.90399e-32,0.00109652,0.00068724,0.000725451,0.0
0.0,0.00495757,2.6312e-33,0.00184193,0.00124192,0.000652218,0.0
9.06469e-08,0.00282751,0.000276536,0.000341115,0.000585713,0.000842889,0.0
0.00322154,0.00196502,5.24407e-07,1.67636e-09,0.000557186,0.000813317,0.0
0.0,1.08173e-25,0.000354383,0.00179717,0.00104697,0.000713961,0.0
0.0,0.00213049,0.00204019,0.000802408,0.000492272,0.000733888,0.0
0.0,0.00167806,5.38562e-18,0.000662979,0.000596415,0.000856626,0.0
0.00127464,7.62667e-15,0.000936033,0.000864447,0.000378669,0.000761418,0.0
1.74933e-23,0.00335704,0.00188533,0.000713084,0.000616115,0.000840803,0.0
0.0,0.00207592,0.00123261,0.00312113,0.000464505,0.00073841,0.0
0.0,0.000102081,0.00178213,0.000862359,0.000661075,0.000772922,0.0
0.00507819,0.000879246,6.24461e-30,0.00111726,0.000993042,0.000765325,0.0
0.0,0.0,0.00184348,0.000684827,0.00100993,0.000797502,0.0
0.0,0.000912744,0.000329596,0.00104156,0.000893589,0.000725437,0.0
0.00324392,0.00382345,0.00182255,0.000896955,0.000775172,0.000760203,0.0
0.00319987,0.00160186,1.94241e-21,1.07249e-22,0.000793725,0.000757126,0.0
0.0,0.0,0.00127431,0.000907918,0.000810201,0.000747898,0.0
1.90393e-25,2.18777e-16,0.000307033,0.000478528,0.000776576,0.000822829,0.0
0.0,0.000996869,6.14432e-19,0.000791101,0.00074083,0.000761203,0.0
0.0,0.00132488,0.000761726,0.00171495,0.000978943,0.000726209,0.0
1.68507e-12,0.0,3.31545e-38,2.83242e-12,0.000888474,0.000840851,0.0
0.0,0.0,0.00068225,0.00242236,0.00105812,0.000681173,0.0
0.00175338,0.0,0.0010398,0.000764831,0.00129907,0.000748164,0.0
0.00312541,0.00134322,0.000185237,0.0012112,0.000243663,0.000784228,0.0
0.00323402,1.01536e-35,0.00277836,0.000756236,0.000804825,0.000735147,0.0
0.0,0.00190315,0.000240455,0.000522786,0.000847289,0.000714639,0.0
0.0,4.61084e-20,1.20973e-20,0.00101425,0.00087889,0.000715753,0.0
0.0,0.00254022,8.83286e-23,0.000932026,0.00090494,0.000752808,0.0
0.0053589,0.00152216,1.2616e-29,0.00092707,0.00108521,0.000700462,0.0
0.00249992,0.00351588,0.000811088,0.00135463,0.0008834,0.000766549,0.0
0.0,8.33826e-05,0.00174291,0.00121278,0.000744369,0.000769456,0.0
0.00318069,0.00281311,0.00020308,0.00169336,0.000982107,0.000722693,0.0
0.00011839,8.08742e-23,7.27458e-13,0.000146128,0.00093739,0.000790831,0.0
0.0,1.12523e-14,0.00152299,0.00187229,0.000174974,0.000796162,0.0
0.0,0.00290403,0.00109452,0.00014105,0.00085705,0.000663421,0.0
0.0,1.00853e-23,0.00207344,0.000899461,0.000951724,0.000713214,0.0
0.0,0.00162011,0.000784617,3.94964e-06,0.000911564,0.000745215,0.0
0.0,0.000171493,0.00179766,0.00150756,0.00102331,0.000712542,0.0
0.00171954,0.0029616,0.0,0.000362453,0.00116469,0.000748457,0.0
0.00127006,0.00197584,0.000273716,0.000370392,0.00139656,0.000676032,0.0
0.0,0.000273166,0.000726658,0.000818022,0.000989638,0.000683103,0.0
0.00306977,0.0,0.00164907,2.64543e-18,0.00121832,0.000788741,0.0
1.14688e-23,0.0,0.000166743,1.13628e-26,0.00104234,0.000774211,0.0
0.000792689,0.00296433,0.000943967,0.000399303,0.000869932,0.000756539,0.0
0.0,0.0,0.000992832,0.00070691,0.000847384,0.000657563,0.0
0.0,0.00098742,2.51863e-13,2.35246e-12,0.0010692,0.000646187,0.0
0.00785889,0.00332305,0.00040602,0.00218005,0.000898786,0.000656026,0.0
0.0,0.0,0.00355509,5.19326e-13,0.00067636,0.000761131,0.0
9.08369e-10,0.00793279,1.31315e-23,3.37382e-19,0.00117748,0.00080098,0.0
0.0,9.84196e-05,0.00244025,0.00149527,0.000586517,0.000743077,0.0
0.0,0.00240179,0.00174509,0.00115402,0.000748862,0.000736116,0.0
0.00288118,1.82227e-07,2.59819e-16,0.000943065,0.00101832,0.00074727,0.0
6.45201e-14,3.54391e-27,0.000488585,0.000486981,0.00103818,0.000854261,0.0
0.0,0.00155763,0.00310492,0.000716941,0.000886094,0.000781988,0.0
0.00234661,0.0,0.000556866,0.00134439,0.000378362,0.000797115,0.0
0.0,1.16387e-23,0.00153095,0.000687604,0.000620253,0.000696006,0.0
0.0,5.28311e-30,0.000688162,1.70319e-27,0.000630676,0.00081918,0.0
0.00534117,1.99461e-33,7.47229e-24,0.00137768,0.000591859,0.000774461,0.0
0.0,0.00363981,0.000532036,0.00100881,0.000347161,0.000705119,0.0
7.97831e-10,5.9465e-07,0.00177369,0.000366981,0.00113697,0.00072719,0.0
0.0,0.00181413,0.00174983,0.00273096,0.000681454,0.000764582,0.0
0.0,0.0,0.000465519,0.000404517,0.00115392,0.000724113,0.0
0.00090739,0.0029652,0.000310402,0.000440259,0.00110733,0.000777112,0.0
0.0,0.00182826,0.00148382,0.000731228,0.00102083,0.000754497,0.0
0.0,0.00260121,0.000641375,0.00116856,0.00101472,0.000803383,0.0
0.00479335,0.0045453,8.03092e-07,0.000938436,0.0010422,0.000726234,0.0
2.65049e-08,0.0,0.000830547,0.000595431,0.000352898,0.000814362,0.0
0.00176005,5.72582e-08,0.00060287,0.000400146,0.000661017,0.000792558,0.0
0.00528872,0.000869503,0.00224683,0.00116879,0.00068276,0.000736654,0.0
0.00328659,0.00067106,0.000723365,8.32444e-05,0.000669711,0.000819703,0.0
0.0,0.0,0.00033728,0.000582534,0.000275295,0.000817416,0.0
0.0,0.00107003,0.00127807,0.000654511,0.000624017,0.000797677,0.0
0.0032644,0.00433383,0.00140861,3.01586e-06,0.00080837,0.000792973,0.0
0.00467018,3.78149e-17,1.09389e-35,0.000190487,0.00057667,0.000874198,0.0
0.0,1.03477e-31,0.0034269,0.00134178,0.000954572,0.000742242,0.0
0.0,0.0,0.00107346,0.00040357,0.000754606,0.0008015,0.0
1.41824e-09,0.0010148,2.2164e-19,0.00106762,0.000866509,0.000808872,0.0
0.0,0.0,1.7986e-23,0.000561344,0.000828329,0.000833456,0.0
0.00182348,1.24831e-21,0.00117096,0.000657726,0.000306653,0.000848999,0.0
0.0,0.00307464,0.000900576,0.00031098,0.00049619,0.000757691,0.0
3.31345e-27,0.00294735,0.000677078,0.000221157,0.000816534,0.000777138,0.0
0.0,1.24731e-05,4.37178e-09,0.000509718,0.000316038,0.000786166,0.0
0.0,0.0,0.00105687,0.00123393,0.00102172,0.000731434,0.0
0.00319517,1.25734e-23,1.41753e-25,0.000267849,0.000855435,0.000745174,0.0
0.00462846,0.0,0.00159772,0.00125355,0.00101204,0.000761278,0.0
0.00441319,0.0,0.00139371,0.000348168,0.000619874,0.000768049,0.0
0.0,0.0,0.0014111,0.00135713,0.00111282,0.000676093,0.0
0.00172143,1.18861e-36,0.0022445,0.00091862,0.000567173,0.000817882,0.0
0.0,0.0,0.00243495,1.38171e-19,0.00100069,0.000784814,0.0
0.0,0.00355974,4.5176e-15,0.00131674,0.000984005,0.0005893,0.0
0.0,0.000137763,0.00136178,0.00138392,0.00074299,0.00072596,0.0
0.0061046,0.0,0.000956367,0.0018751,0.000676504,0.000762917,0.0
3.57167e-09,0.000850657,7.45557e-27,0.00114085,0.00115722,0.000734846,0.0
0.0,0.00220232,0.00359103,0.000102228,0.000576676,0.00082298,0.0
0.0,1.12119e-23,0.0,0.000298582,0.000393223,0.000825048,0.0
0.0,0.00306703,0.000921237,0.00154297,0.00094699,0.000669214,0.0
0.0,0.00326981,3.01169e-12,0.00128153,0.000362207,0.000813482,0.0
0.0,0.0,3.97734e-27,2.97205e-10,0.000565846,0.000845972,0.0
0.00323459,0.0010339,0.000332027,0.000911472,0.000770111,0.000756511,0.0
0.0,0.00642167,1.94715e-08,0.000544908,0.000999459,0.000749422,0.0
0.0,0.006486,0.00107198,0.0010499,0.000141706,0.000767859,0.0
0.00175413,1.48356e-23,0.00204599,0.00119351,0.000724219,0.000751454,0.0
0.0,0.000865725,0.000836752,0.00184264,0.000730183,0.000702441,0.0
0.000985307,0.00321338,0.000699258,0.00134115,0.00031844,0.000736678,0.0
0.0,0.0,0.0013037,0.00214468,0.0011381,0.000697353,0.0
0.0,0.0,0.00193125,0.0013823,0.000774091,0.000768342,0.0
1.44406e-07,8.24792e-11,0.00291134,0.000673053,0.000928065,0.000758483,0.0
0.0,1.45618e-30,0.00144789,2.01312e-05,0.000472162,0.000719115,0.0
0.000314749,0.0,0.00338071,0.00126042,0.000690702,0.00074531,0.0
0.002901,0.0,0.0,2.1129e-16,0.000408925,0.00023565,0.000209512
0.0,0.0,0.00275262,0.00107307,0.000894752,0.000729739,0.0
0.0,0.00320017,0.0,0.000560982,0.00040464,0.000826811,0.0
0.0,0.0,1.13268e-08,0.000398709,0.000857159,0.000705012,0.0
0.00247372,0.0,0.00100514,0.000454337,0.000853759,0.000713572,0.0
0.00305694,0.0,0.0015169,0.000861117,0.000648819,0.000822928,0.0
0.0,0.0,6.71792e-11,0.00140708,0.000656839,0.000880396,0.0
0.00639777,0.00187079,0.000550491,0.000487444,0.000800571,0.000703256,0.0
0.00327962,0.0,0.000982446,0.00129631,0.000696283,0.000739565,0.0
0.0,0.00491019,0.000806723,0.00032098,0.000617942,0.000811152,0.0
0.00208088,0.000790731,0.00150638,0.00103276,0.000668411,0.000727272,0.0
0.0,0.0,0.0010448,0.00246755,0.000771896,0.00067794,0.0
0.00316937,1.00908e-12,0.00231133,0.00133921,0.000731995,0.000716856,0.0
0.0,0.0015534,0.0,0.00190341,0.00104203,0.000646284,0.0
0.0,0.0,0.000916156,0.00161811,0.000746104,0.000734678,0.0
0.0,6.21103e-20,0.00118485,0.00161243,0.00114224,0.000735797,0.0
0.00250203,0.00528889,1.58196e-14,0.00100531,0.000855098,0.000686132,0.0
0.0,0.00311337,2.9139e-33,0.00147385,0.000878046,0.000713212,0.0
0.00126432,0.00659126,0.00208119,0.00105142,0.000938741,0.000782365,0.0
0.00543279,1.20509e-31,0.00019688,0.000291478,0.000826194,0.000812363,0.0
0.00153787,0.0,0.000506597,0.000301597,0.00092995,0.000702907,0.0
0.0,0.00326653,0.000633236,0.000520739,0.000175664,0.000831943,0.0
3.00427e-06,0.0,0.000561321,8.27329e-05,0.00120666,0.000693381,0.0
0.0,4.58325e-05,0.0010791,0.00143431,0.000577642,0.000806053,0.0
1.86737e-23,0.0,0.000816822,2.32672e-34,0.00036134,0.000294159,0.000175578
0.0,0.000853946,0.000375101,0.000374916,0.00118595,0.000726704,0.0
0.0,0.00385937,0.00101412,1.23538e-05,0.000653322,0.000722239,0.0
0.00553979,0.0041121,0.00377193,0.00188503,0.000714627,0.000761916,0.0
0.00170457,0.00209814,1.83499e-23,0.0011267,0.000776838,0.00074128,0.0
0.00164279,0.000812319,0.00154744,0.00036619,0.000906848,0.00076754,0.0
0.0053532,0.000882753,0.00175834,0.000862314,0.001065,0.000689147,0.0
0.0,1.62099e-34,0.000484975,0.00166303,0.000736478,0.000804449,0.0
0.0,0.000525902,0.000762621,0.00149145,0.000947436,0.000725648,0.0
0.0,0.000896272,0.00206178,0.000719149,0.000661732,0.000779275,0.0
0.00565111,0.000708774,0.00113606,6.41984e-18,0.00104097,0.000794056,0.0
0.000354096,0.00152321,0.00174066,0.000148465,0.000679467,0.000712926,0.0
0.0032399,0.0,0.00137594,0.000956652,0.00048083,0.000805094,0.0
0.0,0.00766086,0.000796555,0.000921956,0.000400963,0.000786816,0.0
0.0,0.0,0.000781352,0.000534675,0.000551089,0.000771193,0.0
0.0,0.0,1.32145e-23,0.000575924,0.00120366,0.000710138,0.0
0.000984012,9.19107e-25,1.87123e-31,0.00169845,0.00113478,0.000760047,0.0
0.0,0.00647245,0.00143424,0.000288954,0.00148405,0.000739795,0.0
0.00315796,0.000803133,0.00065155,0.000749157,0.000825957,0.000758883,0.0
0.00254205,0.00314835,0.00193469,0.000640709,0.00102604,0.00069409,0.0
0.00914106,0.00148369,0.00189195,0.00165238,0.00108863,0.00075097,0.0
0.000120933,0.00225374,0.000277332,0.00170235,0.001056,0.000739824,0.0
0.00243405,6.49876e-17,1.23902e-16,0.000585301,0.000475563,0.000814715,0.0
0.0,0.0,0.0,0.000748894,0.000861383,0.000714684,0.0
0.0,0.0,0.00222916,5.10446e-05,0.000301887,0.000268199,0.000238729
1.05429e-07,1.49641e-23,0.000981445,0.000378906,0.00036825,0.000802333,0.0
1.8241e-08,0.00114517,1.84502e-23,0.000891863,0.00146379,0.000728783,0.0
0.00132094,0.00420922,0.00100146,0.00132876,0.000994494,0.000682735,0.0
0.0,0.00180796,0.00184457,0.000817683,0.000717182,0.000741867,0.0
0.0,0.00340525,4.71458e-16,0.00102464,0.00103988,0.000747387,0.0
1.58451e-23,0.0,0.00129884,0.000892272,1.64251e-05,0.000774007,0.0
0.00251029,0.000426703,0.00117729,0.000580866,0.000858463,0.000685036,0.0
0.0,0.000878573,3.19581e-19,0.00127344,0.000902224,0.000729009,0.0
0.0,0.000885916,0.00356292,0.00134554,0.000543752,0.000783311,0.0
0.0,0.0,6.26828e-08,0.000795528,0.00069761,0.000776374,0.0
0.0,0.0,1.86633e-33,0.000785895,0.000629711,0.0007867,0.0
0.00343952,0.00326544,0.000963951,0.000825605,0.000493292,0.000748413,0.0
0.0,0.0,1.56954e-23,0.0020728,0.00108722,0.000646648,0.0
0.0,9.92544e-26,0.00110477,0.00101011,0.000998477,0.000739704,0.0
0.0,0.0,0.000485022,0.000747719,0.0011251,0.000725159,0.0
0.00176151,0.0,1.59316e-23,0.000895373,0.000966318,0.000747727,0.0
0.0012526,0.0,3.40526e-33,0.00138555,0.000584206,0.000618414,0.0
0.0,0.0,9.72702e-27,0.00261801,0.000572413,0.000754428,0.0
0.00145353,1.35142e-23,0.00126178,0.00124194,0.000670213,0.00072416,0.0
0.0,0.0,6.95275e-07,4.50087e-12,0.00108065,0.000748908,0.0
0.00268863,0.0,0.00221837,0.000824257,0.00133351,0.000770674,0.0
0.000104254,0.00193916,0.00186294,0.00138767,0.000591495,0.000750619,0.0
0.0,1.08378e-22,0.00100084,4.00457e-32,0.000953136,0.000697273,0.0
2.84184e-19,0.00263406,0.000188684,4.36629e-05,0.00051713,0.00075649,0.0
0.00167193,0.000862162,1.89392e-16,0.000711328,0.000809033,0.000788243,0.0
0.0,0.0,0.00106454,0.0013083,0.00112874,0.000689355,0.0
0.0,0.00276816,0.000246302,0.00112355,0.00108701,0.00073165,0.0
0.0,4.03669e-10,0.000963959,0.000940126,0.000377628,0.000737602,0.0
2.42164e-06,8.77492e-34,0.00115471,0.00104229,0.00094919,0.000697061,0.0
0.0,0.0,2.08927e-10,0.00189188,0.000703081,0.0007387,0.0
0.000460558,0.00151961,6.78961e-12,0.00193711,0.00103625,0.000703325,0.0
0.0,0.000748765,0.000444385,0.00125756,0.000909913,0.00077234,0.0
0.0,0.00662028,0.00209,0.000901481,0.000757153,0.000809346,0.0
0.0,0.0,1.70456e-15,2.71483e-12,0.000227126,0.000879064,0.0
0.0,0.000937263,4.23681e-39,0.00145069,0.00135097,0.000701093,0.0
0.00169073,0.0,2.08598e-12,0.00104784,0.000854369,0.000744859,0.0
0.00690544,4.51167e-11,0.000293909,0.00101588,0.000540941,0.000757304,0.0
0.0,0.00732172,0.0,0.00112844,0.000921405,0.000796234,0.0
0.00432442,1.87752e-23,0.00179104,0.0012498,0.000326259,0.00072696,0.0
0.00135771,0.00508462,0.000556634,0.000443986,0.000610436,0.000803296,0.0
0.0,0.00328704,0.0010826,0.000437075,0.000855332,0.0007097,0.0
0.0,0.00383365,1.62646e-12,0.000611866,0.000910736,0.000767335,0.0
0.0,0.000851954,0.00123065,0.00124308,0.00054629,0.000742631,0.0
0.0,0.0,0.000185496,0.00062015,0.000494504,0.000857795,0.0
0.0,0.00224868,0.00197275,0.000523084,0.00099551,0.000702168,0.0
0.000586539,0.00185195,8.59051e-07,0.00033474,0.000461549,0.000808901,0.0
0.0,0.0,0.000835528,0.000131963,0.000302755,0.000246588,0.000238871
0.0,1.66238e-05,4.53191e-08,0.00157853,0.000851083,0.000765002,0.0
0.00625558,0.0,0.000240211,0.000188864,0.000479923,0.000776086,0.0
0.0,0.000240212,0.00192304,0.000627163,0.00107091,0.000662055,0.0
0.0,1.37043e-23,0.00154073,0.00151712,0.000823559,0.000709896,0.0
0.00438875,0.000120954,0.00226619,0.000826093,0.000749955,0.000732724,0.0
0.00431927,0.0016455,0.000110241,0.00145246,0.000406114,0.000753395,0.0
0.0,0.0,0.000103114,0.000178013,0.00111725,0.000732038,0.0
0.00257216,0.00160868,0.00160513,0.00203542,0.000670391,0.000776475,0.0
0.00252463,0.0,0.00132695,0.00154068,0.00128874,0.000758946,0.0
9.48161e-25,0.0,1.3692e-28,0.0010685,0.00162659,0.000820654,0.0
0.0,1.13888e-05,0.00193267,0.00082742,0.00108653,0.000764214,0.0
0.0,0.00565102,1.36964e-06,0.000928366,0.000875441,0.000787273,0.0
0.00249947,0.000180804,0.001733,0.000768716,0.000531816,0.000719531,0.0
0.0,1.34249e-23,1.61333e-09,0.000651865,0.000669196,0.000781865,0.0
0.0,0.00351264,0.001176,6.84685e-12,0.000969447,0.000782396,0.0
0.00464266,0.0,0.00165472,0.00132608,0.000733553,0.000668519,0.0
0.0,1.72694e-23,7.21593e-18,0.000579191,0.000642987,0.000725236,0.0
0.0,2.29583e-14,0.000167096,0.000413493,0.000467306,0.000776542,0.0
0.00940093,0.0,1.90374e-23,5.71316e-05,0.000988409,0.000780043,0.0
0.0,1.00739e-09,0.000588986,0.000424784,0.000465428,0.000846556,0.0
0.00654359,6.17194e-11,0.00122091,0.000520756,0.000878843,0.000784105,0.0
0.00505147,0.0,0.00240984,0.000801483,0.00127516,0.000689345,0.0
0.00345477,0.0,4.34212e-19,8.12385e-05,0.000630961,0.000789119,0.0
2.20589e-11,0.00850771,1.07705e-23,0.00104928,0.000921987,0.000788466,0.0
6.19525e-06,0.00269675,8.67354e-35,0.00058977,0.000714982,0.000805189,0.0
1.08627e-26,0.0,0.00144832,0.000971337,0.000991315,0.000782485,0.0
0.00124184,0.00158972,0.000716756,0.000886261,0.000894265,0.000623501,0.0
1.63052e-21,0.00419857,1.22217e-09,0.00209869,0.000646301,0.000804445,0.0
0.0,0.00208161,2.23955e-33,0.000941688,0.000767738,0.000770765,0.0
0.00735311,0.00161954,0.00115036,0.00166143,0.000640267,0.000701885,0.0
2.53197e-08,0.00344231,0.00169111,0.000439672,0.000860438,0.000687822,0.0
0.0,0.0,0.00136093,0.000765303,0.00138741,0.000746462,0.0
0.0,0.0019402,0.000121418,0.000943014,0.00108899,0.000797334,0.0
0.00574403,0.00229546,0.00155752,0.00110667,0.00097074,0.00070312,0.0
0.0,1.49923e-23,0.0,0.00266691,0.000348561,0.000698254,0.0
0.0,0.0,0.00172917,0.00080682,0.00107011,0.000758519,0.0
0.00696097,1.66388e-23,0.00127635,0.000403803,0.000956622,0.000757948,0.0
0.0,0.0,0.0012,0.0011547,0.00103534,0.000743307,0.0
0.0,0.0,1.24903e-23,0.00168035,0.000940735,0.00074143,0.0
2.57553e-34,0.00216049,0.000801371,0.000817908,0.00115797,0.000726045,0.0
0.0,1.18008e-06,0.00118857,0.000752832,0.000884215,0.000792421,0.0
5.64612e-17,1.31404e-21,0.000849805,0.000429125,0.000664585,0.000806056,0.0
0.00112999,1.27333e-24,0.000449085,0.000776345,0.000494952,0.000777115,0.0
0.0,0.000871614,0.00216444,0.000935361,0.000776167,0.000729917,0.0
4.4252e-07,0.00856372,0.00251999,0.000408523,0.000495906,0.000800735,0.0
0.0,6.66e-05,0.000813416,0.000639006,0.000750668,0.000816654,0.0
0.00339265,1.21986e-30,1.51302e-23,0.000247431,0.000137213,0.000781387,0.0
0.0,1.02463e-18,0.0013995,0.000725772,0.000274764,0.000785624,0.0
0.0,0.0,0.000733218,0.00039307,0.000584602,0.000775,0.0
0.0,0.0,0.00240024,0.000441392,0.000776999,0.000680714,0.0
0.00172135,0.0,1.55116e-23,0.00123436,0.000651712,0.000739006,0.0
0.0,0.000556658,0.000267551,0.00060994,0.00109826,0.00077795,0.0
0.00304893,0.00701495,0.000122108,0.000560149,0.000875125,0.000734443,0.0
0.00257935,2.09934e-17,0.00369877,0.000655048,0.00068254,0.000822075,0.0
0.0,0.00403128,1.64227e-05,0.000878256,0.000895582,0.000832573,0.0
0.00251667,0.00508227,3.64652e-11,7.46743e-06,0.00101302,0.000651236,0.0
0.0,2.63248e-05,1.86317e-23,0.00053586,0.00034791,0.000796326,0.0
0.0,0.00160411,0.000833893,0.000981851,0.000729247,0.000741215,0.0
0.0,0.00236277,0.00152041,0.000554586,0.000229923,0.00094367,0.0
0.000428484,1.14228e-29,0.000949155,0.00159457,0.000984314,0.00069141,0.0
0.0020955,0.0031569,0.00036214,0.000496912,0.000884444,0.000780643,0.0
0.00893515,0.000196206,0.00042292,0.000112817,0.000386392,0.000829011,0.0
0.00291872,0.00161041,0.00195562,0.000907309,0.000278831,0.00079283,0.0
0.00542064,0.0,0.00137971,0.000988841,0.000407266,0.000753248,0.0
0.0,0.00198276,0.00275279,0.000628701,0.00135641,0.000696052,0.0
0.00320929,1.27232e-23,2.40429e-05,0.000402039,0.000623056,0.000775859,0.0
0.0,1.50389e-26,0.00218813,0.000499984,0.000720965,0.000734741,0.0
0.0,1.32796e-23,0.0020799,1.92185e-07,0.000892805,0.000769909,0.0
1.39096e-05,0.0,0.00268295,0.000706695,0.000607667,0.000682591,0.0
0.0,0.00259493,0.000301186,0.000241995,0.000635071,0.000830433,0.0
0.00367862,0.0,0.000701136,0.000278081,0.000581966,0.000749542,0.0
0.0,0.00452373,0.00114623,0.000909107,0.000396787,0.000759491,0.0
0.0,1.87869e-23,0.00048174,0.00146709,0.00105952,0.000797917,0.0
0.0,0.0032491,0.00231485,0.000626826,0.000508998,0.000752499,0.0
0.00299222,0.0,2.23798e-25,0.00106436,0.00143515,0.000686044,0.0
0.0,0.0,0.00165977,0.00176189,0.000848584,0.00077752,0.0
0.00205595,9.96679e-05,0.000411166,0.0017212,0.000751715,0.000773646,0.0
0.0,1.53577e-23,0.000228306,0.000671146,0.000343089,0.00026198,0.000226113
0.0,0.00197674,0.00102305,0.00106876,0.00136781,0.00071691,0.0
0.0,0.0,0.000610552,0.000377235,0.000546554,0.000777282,0.0
0.00629351,1.09215e-23,0.00199044,0.000734275,0.000898436,0.000731743,0.0
0.0,0.00414215,0.00020941,0.0011789,0.00068304,0.000716245,0.0
0.00251256,0.00105074,0.00122105,4.80481e-08,0.00149165,0.000649803,0.0
1.10689e-23,0.0,0.00120173,0.00028158,0.0005871,0.000749407,0.0
0.0,1.19475e-18,0.00134881,1.41601e-05,0.0010602,0.000811228,0.0
0.00242195,4.52589e-05,0.00159897,0.000159198,0.000576404,0.000799525,0.0
3.13701e-27,0.0,0.00100457,0.00248035,0.00102796,0.00074386,0.0
0.00241369,0.0,8.18947e-06,0.00116471,0.000742707,0.000822019,0.0
4.64394e-15,7.77575e-33,0.00107121,0.000432704,0.000930252,0.000762589,0.0
0.0,0.0,2.4827e-27,0.000764227,0.00081292,0.000793268,0.0
1.50681e-23,0.00163299,0.000326336,0.00120686,0.000695052,0.000752817,0.0
0.00248532,0.0,0.00107865,0.00112471,0.0012253,0.000739906,0.0
0.000736859,0.00402103,0.00120538,0.00152164,0.000494496,0.000734317,0.0
0.0,0.00159789,0.000572382,0.000884576,0.000619523,0.00077595,0.0
0.00564841,0.00236715,1.14468e-32,0.000929184,0.0010795,0.000739462,0.0
0.00306143,0.00525145,0.00181714,0.00174139,0.00067043,0.00073587,0.0
0.0,8.57049e-11,0.000878092,0.000602565,0.000787462,0.000659948,0.0
0.0,0.0,0.00191073,0.000750769,0.00042046,0.000799169,0.0
0.0,0.0019899,0.000970136,0.000528213,0.000719719,0.000722345,0.0
0.00604534,1.05501e-26,0.002119,0.000687061,0.00151266,0.000696361,0.0
0.0,0.000752013,0.000128465,2.15993e-06,0.000869858,0.00078027,0.0
0.00246925,0.00294557,0.0,0.00115898,0.000889494,0.000757657,0.0
0.00630189,0.00370146,0.00240341,0.00117521,0.00109198,0.000724371,0.0
0.0,0.00034836,0.0020099,0.000820874,0.000524414,0.000786987,0.0
0.0,0.0,0.00148233,0.00111456,0.00115499,0.000759275,0.0
0.000768148,8.05017e-11,0.00180421,0.000930545,0.0010435,0.000697894,0.0
0.0,8.12953e-36,0.000183153,0.00132308,0.000634022,0.000782563,0.0
0.0,0.0,0.0012951,0.000915737,0.00061226,0.000713926,0.0
0.00239917,0.0,0.00055236,0.000710345,0.00083444,0.000734544,0.0
0.00320139,0.0,1.43432e-23,0.000743339,0.000662973,0.000785969,0.0
0.0,4.4082e-11,0.00102184,0.00152238,0.000533592,0.000849258,0.0
0.00154309,0.00364162,0.0023445,0.00138285,0.000747677,0.000718467,0.0
0.00248506,0.0,0.000934612,0.000454471,0.000657922,0.000726285,0.0
0.000602565,0.000198161,0.00119346,0.00207758,0.000702197,0.000702591,0.0
7.49133e-06,0.00258938,0.00191075,2.17014e-05,0.000768812,0.000744097,0.0
0.0,0.000615827,9.52499e-14,0.000585237,0.000889187,0.000676173,0.0
0.0,0.0,0.00223625,0.000945682,0.00108186,0.000700213,0.0
0.0031692,0.0101389,0.000903304,0.00159999,0.000764981,0.000665816,0.0
0.0,0.0,8.0703e-13,0.00191318,0.000848962,0.000718699,0.0
0.0,0.00491412,8.33739e-08,8.48219e-05,0.00138899,0.000678774,0.0
0.00324852,0.00159666,0.000554527,0.000929604,0.00107002,0.000742018,0.0
0.00324848,0.000132333,0.000700708,0.000760487,0.000918071,0.000704368,0.0
0.0,0.0,0.00275136,0.000907976,0.000919212,0.000673853,0.0
0.0,0.000706469,0.000959377,0.00146918,0.000931945,0.000764466,0.0
0.000998042,0.00490574,0.00198901,4.81029e-09,0.00149656,0.000708678,0.0
0.0,0.0,7.46857e-10,0.000944849,0.000672664,0.000704249,0.0
0.00171741,0.000120187,0.00416853,0.000909898,0.000574985,0.000785743,0.0
0.0,0.00140133,0.00152784,0.00087447,0.000751553,0.000699417,0.0
0.0,0.00167662,4.84669e-05,0.000921262,0.00036796,0.000820372,0.0
0.0,0.00553637,1.77268e-29,3.51859e-13,0.000686493,0.00078675,0.0
0.00278974,0.0,0.0,0.00122447,0.0010587,0.000714088,0.0
2.77926e-27,0.00160421,0.00141427,0.000564252,0.00107912,0.000697756,0.0
0.00194834,0.00079455,2.9003e-24,0.000477405,0.000515964,0.00076815,0.0
0.00231548,0.0,0.000844346,0.00107869,0.000857847,0.000757362,0.0
0.0,0.0,0.0029,8.26428e-05,0.00153631,0.000713205,0.0
0.00322658,0.00155751,2.00428e-29,0.00110521,0.000705904,0.000816559,0.0
0.0147552,0.00162693,0.000638866,0.00119787,0.000670908,0.000758454,0.0
0.00418815,0.0,1.41357e-17,3.54087e-38,0.00100343,0.000816239,0.0
1.4955e-23,0.00249743,0.00125447,0.000718087,0.00120277,0.000725761,0.0
0.0,0.0,0.00127044,0.000424797,0.000276168,0.000745155,0.0
0.00281043,0.0,4.87605e-10,0.00109646,0.000871597,0.000727729,0.0
0.0,2.23154e-13,0.000561371,0.000862572,0.00109868,0.000764431,0.0
0.00424049,0.00248831,0.000992224,0.000646668,0.00105398,0.000664695,0.0
0.0,0.0,0.00132701,1.81497e-05,0.00074192,0.000741924,0.0
0.0,0.00170008,0.000755022,0.000266093,0.000452779,0.000834679,0.0
0.0,8.8043e-28,0.00099662,0.000919132,0.000831738,0.000755512,0.0
0.0,0.0,0.00144962,0.000231104,0.00103143,0.000797654,0.0
0.0,4.54525e-11,0.000215284,0.000979693,0.000663248,0.000741225,0.0
0.0,2.63864e-36,0.00188593,0.00144552,0.000417568,0.000774051,0.0
0.0,0.0,0.00174274,0.00153223,0.000532519,0.000780771,0.0
3.2241e-08,0.0,2.86358e-39,0.00179494,0.000464572,0.00077571,0.0
0.00243118,0.0,0.000561455,0.000519949,0.000355881,0.000716448,0.0
0.0,0.0,0.000895662,0.000695808,0.000938828,0.000750092,0.0
0.0,0.0,0.00160915,0.000623289,0.000758113,0.000844895,0.0
0.0,0.00295283,0.00343315,3.78015e-05,0.00102007,0.000754858,0.0
0.00236506,0.00249139,2.30034e-06,2.15385e-13,0.000355025,0.000887627,0.0
0.0,0.0,0.0,0.000386403,0.00110194,0.000783788,0.0
0.0,4.30446e-15,0.00124713,0.000701348,0.000440729,0.000798208,0.0
0.0013578,0.00260705,0.0,0.000536727,0.000894373,0.000686307,0.0
0.00316967,0.0,0.000472825,4.61714e-05,0.000752494,0.000773236,0.0
0.0,2.40014e-05,0.000514242,0.000236575,0.000696542,0.000800901,0.0
0.0,0.00530495,0.0014192,0.000542587,0.000895108,0.000750265,0.0
0.00387319,1.73993e-19,0.000342159,0.00134986,0.00126964,0.000641691,0.0
0.0,0.00327163,0.000764264,0.000907744,0.000929066,0.000689663,0.0
0.0,0.0,0.00163238,0.00124011,0.000578853,0.000758367,0.0
0.0,1.95327e-37,0.00365233,0.000534991,0.00107771,0.000699392,0.0
0.0,0.00164367,3.96568e-05,0.000356446,0.000799922,0.000777679,0.0
0.000339754,0.000311387,0.00168764,1.12842e-08,0.000772431,0.00085371,0.0
0.0,0.000469445,1.48666e-07,0.000292407,0.00110954,0.000653381,0.0
0.0,4.22974e-18,0.00131943,0.00230789,0.00106295,0.000708266,0.0
0.0,0.00215658,0.00361466,0.000399045,0.000310258,0.00077382,0.0
0.0,0.0,0.000867554,0.00059919,0.000337723,0.000823851,0.0
0.00243134,0.0039522,0.000612095,6.33631e-06,0.000556646,0.000817314,0.0
0.00252843,0.00292961,1.17381e-23,0.000527793,0.00107746,0.000796325,0.0
0.00626362,0.000191949,0.000661242,8.62079e-06,0.000670454,0.00073821,0.0
0.0,0.00518496,0.00084752,0.00089769,0.000995764,0.00069041,0.0
0.0,0.0,3.61921e-17,0.000188001,0.000790652,0.000771781,0.0
0.0071478,0.0,8.83439e-05,0.000575171,0.000681446,0.000751866,0.0
1.51234e-38,0.000553273,5.88095e-20,0.00145783,0.000811511,0.000721316,0.0
0.00524504,0.0018069,0.00182095,0.00134267,0.00111348,0.000746948,0.0
0.0,0.00275799,1.05692e-27,0.000371453,0.000758485,0.000742696,0.0
0.000653949,0.0,0.000849091,2.97347e-19,0.000523145,0.00075035,0.0
0.00049257,0.00457053,0.00122503,0.00143318,0.000763308,0.000706221,0.0
0.00187483,0.0,0.00134975,0.00176693,0.0012721,0.000676277,0.0
0.0,0.0,0.00209097,0.00157097,0.00089243,0.000723432,0.0
0.0,0.000234309,9.54147e-40,0.000542718,0.000428668,0.000813562,0.0
0.00168152,0.0,0.00138683,0.000867296,0.000398836,0.000813655,0.0
0.0,0.00158065,0.00308911,0.0014235,0.00086123,0.000727985,0.0
0.009509,0.000840466,0.000923761,0.000749176,0.000784484,0.000735104,0.0
0.0,0.00277361,8.36652e-13,0.000724589,0.000541588,0.000878963,0.0
0.0,1.93204e-14,0.00140562,0.00173357,0.000969773,0.000733005,0.0
0.0,0.00260668,9.02081e-09,0.00144041,0.00134544,0.000727537,0.0
0.0,0.00161498,4.60113e-07,2.5695e-14,0.000746579,0.000826477,0.0
0.00291526,2.11782e-40,0.00132062,0.00124,0.000353888,0.000829614,0.0
0.00236839,1.69394e-23,1.33674e-28,0.000336194,0.000750736,0.000785222,0.0
1.61035e-23,0.0,0.000488109,0.000340508,0.00112603,0.000727892,0.0
0.0,0.00148956,1.82749e-23,0.00027072,0.00050858,0.000809678,0.0
0.0,0.00110817,0.00109617,0.00189668,0.000981941,0.000739619,0.0
1.04236e-23,0.0,0.000264001,3.76741e-05,0.000958119,0.000738219,0.0
0.00276122,0.00203948,0.00122612,0.00220831,0.00124104,0.000674755,0.0
0.0,0.0,1.70918e-23,0.000615423,0.000700844,0.000748514,0.0
0.000836645,0.000946766,7.02699e-27,0.00112348,0.00147369,0.000693791,0.0
2.31303e-22,0.00349168,0.000471994,0.000549273,0.00100487,0.000738922,0.0
0.0,2.88449e-08,0.00202915,2.13383e-12,0.00071618,0.000822462,0.0
0.0,0.0,5.47743e-05,0.000269866,0.000802988,0.000733461,0.0
0.0,0.0,7.91947e-22,0.0010915,0.00145501,0.000714506,0.0
0.0,0.000648062,0.000616692,0.000582394,0.00103637,0.000807106,0.0
0.0,2.44906e-32,1.74178e-21,0.00145401,0.000482724,0.000770509,0.0
0.0,0.00184613,0.00271027,0.000544241,0.00109184,0.000777085,0.0
0.000773288,0.0,0.0,0.0010788,5.60803e-05,0.000805726,0.0
0.0,0.0,0.00208971,0.000371898,0.00107364,0.000604333,0.0
0.0,0.0,0.000427885,0.000188643,0.0014897,0.000753151,0.0
0.000763191,0.000242008,0.000212179,0.000102708,0.000892887,0.000759339,0.0
0.0,0.0,5.66861e-05,0.00148898,0.000422783,0.000756185,0.0
0.0,0.000800336,6.74886e-12,0.000759296,0.000587954,0.000736307,0.0
0.0,0.000907917,0.0027942,0.00146609,0.000629836,0.000726084,0.0
0.0,0.00194947,0.000871397,0.000209276,0.00113776,0.000725815,0.0
0.000372527,1.65726e-36,0.000408177,0.00148444,0.000852438,0.000702061,0.0
0.000961354,1.27389e-05,5.09955e-06,5.7618e-08,0.000983932,0.00073929,0.0
0.0,0.0,0.0,0.000725735,0.000694169,0.00078643,0.0
0.0,0.00587266,0.000602169,0.000623915,0.000893705,0.000794446,0.0
0.0,0.002879,0.000544487,9.35597e-07,0.000559927,0.000809407,0.0
0.0,0.00104701,0.00333417,0.000502174,0.000565063,0.000736474,0.0
0.0,0.0,0.000287433,7.49534e-13,0.00104298,0.000688019,0.0
2.97837e-10,0.00154231,7.85632e-05,0.000239581,0.00141239,0.000659064,0.0
0.000959431,1.52904e-20,0.000412871,0.000624524,0.0010228,0.000679682,0.0
0.000297377,0.00199874,0.000172615,0.00110801,0.00165169,0.000653389,0.0
0.0,0.00219011,5.34215e-06,0.00100903,0.000521745,0.000812339,0.0
0.0,0.00460635,0.0,0.000624284,0.00161419,0.0005777,0.0
0.00560188,0.00506165,1.09688e-12,0.00136129,0.00114487,0.000724859,0.0
0.00221076,0.00120139,0.00122149,0.000992437,0.0010707,0.00080372,0.0
0.0,0.000876713,1.61706e-38,1.49732e-30,0.000282147,0.000735719,0.0
3.39805e-06,0.000981005,0.0,0.00108195,0.000131998,0.000889739,0.0
0.0,0.0047255,0.00244259,0.000354298,0.000576858,0.000708795,0.0
0.0,0.0,1.74957e-13,0.00165413,0.00127462,0.000773951,0.0
0.0,0.000851748,0.00122109,0.00203987,0.000428502,0.00076317,0.0
0.0,0.00152791,4.83184e-06,0.00169809,0.00081487,0.00074852,0.0
0.0,0.0,0.000361429,0.000551461,0.00100785,0.000848326,0.0
0.00107448,0.0,0.00249105,0.000732235,0.0009527,0.000718963,0.0
0.000620217,0.00612821,0.000360374,0.000604542,0.000406147,0.000782215,0.0
0.00216135,0.00210231,0.00106182,0.00112733,0.000311562,0.000719935,0.0
0.00165837,0.0,3.07506e-17,0.000575202,0.00106135,0.000762152,0.0
0.0,0.00160538,0.00130206,0.000996232,0.00103388,0.000719711,0.0
0.0108667,0.0,0.000161872,0.00156911,0.000607691,0.000725559,0.0
0.0,0.0,7.93715e-21,0.00177122,0.000930582,0.000728695,0.0
0.0,0.00530009,0.0,0.00118078,0.000719747,0.000728269,0.0
0.00467973,0.0,1.66775e-09,0.000908973,0.000469649,0.000891253,0.0
0.00244766,0.000849654,3.05898e-30,0.000247423,0.00100931,0.000765797,0.0
0.0,0.0,0.00111406,0.000893062,0.000370126,0.000774927,0.0
0.00120485,0.000370755,0.00117242,1.23645e-19,0.000499547,0.000770353,0.0
0.0,4.3129e-05,0.0,0.000434589,0.000887729,0.00082058,0.0
0.0,0.000841742,5.59619e-39,0.00165337,0.000851376,0.000695147,0.0
0.000862127,0.00193393,0.000639487,0.000243753,0.00108479,0.000684207,0.0
0.0,0.000815877,1.57553e-23,0.000808811,0.000709615,0.0007639,0.0
0.00246151,0.000109349,0.000545407,0.000684218,0.000819432,0.00075809,0.0
0.0,0.00172811,1.70814e-07,0.000442395,0.000771163,0.000784993,0.0
0.0,0.00668476,0.00260396,3.95965e-05,0.0011659,0.000753641,0.0
0.0,0.0039543,0.00190309,0.0012656,0.000557872,0.000836736,0.0
0.0,0.00313457,0.0,0.000967566,0.000669863,0.000769527,0.0
7.67391e-20,2.508e-37,2.2868e-19,0.000150397,0.00105927,0.00076366,0.0
0.0,0.0,0.000425589,0.000346642,0.000792656,0.000739357,0.0
0.0,0.00161812,0.000946117,0.000204178,0.000825447,0.000817696,0.0
0.00249951,0.0,0.0,0.000765619,0.000428381,0.000753185,0.0
0.00175743,0.00465653,0.00055973,0.00183902,0.0010604,0.000728736,0.0
0.0,0.0,0.000315143,0.000979752,0.000880919,0.000721909,0.0
0.00503189,0.00203262,1.73598e-13,0.00106721,0.000431257,0.000807745,0.0
0.00769919,3.73695e-31,0.000602994,0.000903705,0.000698779,0.000745233,0.0
0.0,0.000539031,0.000860938,0.000463567,0.000598571,0.00075161,0.0
0.0,4.95093e-05,0.00145594,5.42361e-09,0.000914584,0.000769518,0.0
0.00164457,0.00319416,5.84518e-05,0.000234959,0.000817437,0.000762631,0.0
0.0,0.00187976,0.0010656,0.000794734,0.00116958,0.000694204,0.0
0.0,0.0,0.0,0.000966107,0.00142132,0.000742474,0.0
0.0,0.00224888,5.80838e-06,0.00158056,0.000745443,0.000796165,0.0
0.00249093,0.0,0.00128881,0.000957446,0.000929323,0.000759187,0.0
1.60865e-23,0.00397792,0.000928299,0.00102022,0.000577057,0.000734723,0.0
0.0,0.000120583,1.81203e-23,0.00139516,0.000822173,0.000758288,0.0
0.0,0.0,0.000298909,3.32914e-06,0.000784942,0.00080754,0.0
0.0,0.0,4.70039e-14,0.000782495,0.000901709,0.000791122,0.0
0.00244959,0.0,0.000583682,0.00103612,0.000809406,0.000679619,0.0
0.00221139,0.0,0.000952633,0.000507153,0.000948194,0.000708541,0.0
0.0,0.00159385,0.00262074,0.00161923,0.000995615,0.000721972,0.0
0.00252558,2.42874e-21,5.14633e-38,0.00119217,0.000378165,0.000774745,0.0
7.18258e-08,0.00637355,0.0,0.00244142,0.00112496,0.000677463,0.0
0.0,6.52197e-07,0.000480827,0.0025464,0.000468179,0.000830969,0.0
2.47688e-09,0.0,2.73345e-34,0.000835444,0.00068521,0.000758785,0.0
0.00494457,0.000933172,0.00161321,0.00027234,0.000881874,0.000738252,0.0
0.00243371,0.00428415,0.00125617,0.000883198,0.000862531,0.000689156,0.0
1.4229e-23,0.0019909,0.0,0.000266889,0.0010479,0.000746111,0.0
0.0,0.00278278,0.000605378,0.000670848,0.00113633,0.000712279,0.0
0.0,0.000325378,0.00164418,0.000555235,0.000753011,0.000818376,0.0
2.31479e-09,0.00289615,0.00267199,0.00172893,0.00045523,0.000745962,0.0
0.0,0.0,3.64687e-26,0.000974938,0.0013235,0.000727034,0.0
0.0036432,0.00293832,8.68779e-05,0.000760273,0.00075865,0.000804987,0.0
0.0,3.72943e-35,3.23423e-07,0.00160861,0.000964202,0.000721115,0.0
0.00243502,0.0,0.00215758,0.000837041,0.000423627,0.000777969,0.0
0.00865416,0.0,0.000663833,0.000928459,0.000957171,0.000709796,0.0
1.0968e-13,0.0,0.000421953,0.000793517,0.000990828,0.000827179,0.0
1.12418e-23,0.0063897,1.34001e-05,0.000224296,0.00135755,0.000760557,0.0
0.0,0.000387298,8.28281e-08,0.000261372,0.00083896,0.000784216,0.0
0.00207175,0.0,1.0522e-23,4.21995e-05,0.000651081,0.00071805,0.0
0.000277663,0.000154739,0.00095093,0.00161019,0.000548409,0.000745781,0.0
0.00170028,0.0,0.000327032,0.000779583,0.0010047,0.000797093,0.0
0.0,0.00060941,0.0052879,0.00042809,0.000346278,0.000766595,0.0
0.0,1.29984e-05,0.000233301,0.000372055,0.000528019,0.0008162,0.0
0.0,0.0,0.0,0.000564439,0.000547124,0.000854211,0.0
0.0,0.000917145,0.0,0.00154039,0.000762268,0.000729472,0.0
0.0,0.0,0.000969707,0.001115,0.00116816,0.000704713,0.0
0.0,0.00406807,1.35851e-23,0.00055288,0.00078121,0.000779473,0.0
0.0,0.00299128,0.00100133,0.00138408,0.000916078,0.000777311,0.0
0.0,0.0,0.0018536,0.0010197,0.000539099,0.000717071,0.0
0.0,8.87297e-25,0.000489529,0.000695671,0.00139801,0.000713771,0.0
1.40538e-18,0.0,0.00030011,0.000916541,0.000757268,0.000709995,0.0
0.0,0.00163628,0.00200984,0.000473508,0.00110477,0.000726412,0.0
0.0,6.16185e-05,0.00211947,0.000446673,0.000706176,0.000788485,0.0
0.00165057,0.00486089,0.000795188,0.000417515,0.000449613,0.000801802,0.0
0.0,0.00209666,2.25152e-08,0.000931079,0.0010604,0.000705183,0.0
0.0,0.00101074,0.000356555,0.000934625,0.00115989,0.000711045,0.0
0.00563462,4.24393e-31,2.36706e-09,2.76383e-11,0.000234957,0.000837795,0.0
0.00323819,0.0,0.000714974,0.00112946,0.00124553,0.000759128,0.0
0.0,0.0,0.000478651,0.000889969,0.000201018,0.000757344,0.0
0.0,0.0,0.000101293,0.000423573,0.000411335,0.000711667,0.0
3.38415e-07,0.00799259,0.00154148,0.00035448,0.000599169,0.000748999,0.0
0.00322581,1.76637e-26,0.000889935,1.68812e-23,0.000523317,0.000777253,0.0
0.0,0.0,0.00117104,0.00098556,0.000506531,0.000842884,0.0
0.0,0.0,0.0,0.00195259,0.000566316,0.000708593,0.0
0.00403911,0.00196922,4.45444e-05,0.00160115,0.000577283,0.000704937,0.0
0.0,0.00370669,0.00166748,0.00128076,0.000578756,0.000788312,0.0
0.0,0.0,1.21038e-23,0.000676945,0.0007221,0.000796933,0.0
0.00341104,0.0,0.000705797,0.000135885,0.00108901,0.000704437,0.0
1.57514e-06,6.92782e-08,0.00112472,0.00131192,0.000891398,0.000716693,0.0
7.51317e-08,0.0,0.000941648,0.00131523,0.00139222,0.000694277,0.0
0.000780086,0.0,0.000380322,0.00135532,0.000329453,0.000731548,0.0
0.00553137,0.0,0.00203906,0.00113106,0.00121747,0.000623536,0.0
1.36404e-12,0.00160871,1.33709e-12,0.00154992,0.000351561,0.00072077,0.0
0.00503073,0.00374837,1.84468e-23,0.00105709,0.000541427,0.000835011,0.0
0.0,0.00433784,0.000298185,0.000733383,0.000975775,0.000765122,0.0
0.0,0.0,2.04914e-08,0.000276139,0.000399591,0.000783824,0.0
0.0,0.00400961,0.00113581,0.000175664,0.000429656,0.000447115,0.000134446
0.0,0.00170062,0.00042641,0.000969686,0.000479648,0.000826958,0.0
0.0,0.0021741,4.35274e-20,0.00132991,0.00110609,0.000789829,0.0
0.0,0.0,7.80914e-37,0.0011766,0.000397742,0.000788385,0.0
0.0,3.01309e-05,0.00106133,0.000231972,0.000689465,0.000751661,0.0
0.0,0.0027291,0.000877737,0.00128126,0.000426285,0.000745986,0.0
0.0,2.1335e-32,0.000137044,0.000590557,0.00062096,0.00080634,0.0
0.0,0.0,0.00128336,0.00105861,0.00108189,0.000737713,0.0
0.0,0.0022911,0.00178059,0.000740029,0.000867177,0.000749498,0.0
0.00241508,0.000874463,0.000509835,0.000201519,0.00100694,0.000745418,0.0
0.00911562,0.0,0.000433485,0.000856089,0.00116325,0.000667263,0.0
0.0013204,0.0,0.00125068,0.00172775,0.000711227,0.000747615,0.0
0.0022838,0.00304545,0.000486131,0.000970655,0.000964222,0.000703106,0.0
0.0,0.0,3.66622e-14,0.000737329,0.000925687,0.000720823,0.0
0.000977447,0.0,1.64307e-23,0.00120492,0.000989371,0.000766618,0.0
0.0,0.0,0.00205735,0.000916174,0.000573799,0.000748789,0.0
7.19077e-26,0.00249225,0.000183225,0.000486992,0.000657999,0.000683682,0.0
0.0,0.00179292,0.000321389,0.00113245,0.000679535,0.000731442,0.0
0.0,0.0022355,9.61604e-39,0.000889243,0.000671414,0.00072574,0.0
0.0,0.00163803,2.06635e-20,0.000499694,0.000536701,0.00080126,0.0
0.00304519,0.0,0.00148618,0.00113156,0.000486626,0.000860738,0.0
0.0,0.0,0.00112727,0.000797053,0.000993568,0.000801082,0.0
0.0,0.00576819,2.84004e-12,0.00106688,0.000693915,0.000791487,0.0
0.0,4.9972e-21,0.0,0.00166822,0.00108569,0.00068995,0.0
0.0,0.0,3.33416e-25,0.000402343,0.000606768,0.000756094,0.0
1.46193e-23,1.87137e-33,0.00116515,0.000991388,0.0010454,0.000772213,0.0
7.47857e-17,2.10945e-25,2.84946e-08,0.000686737,0.000902571,0.000796332,0.0
3.09298e-38,0.0,0.00118635,0.000404295,0.000512953,0.000789559,0.0
0.0,0.004508,0.000991218,0.00169586,0.00107117,0.000710945,0.0
7.02959e-34,0.0,0.00129401,0.00158593,0.000467898,0.000779942,0.0
0.00069722,0.0,0.000646664,0.000829209,0.000348433,0.000831229,0.0
0.0,0.000763576,0.00105363,0.00156358,0.000876534,0.000692655,0.0
0.0,0.00118836,0.00111001,0.000594052,0.000848575,0.000738515,0.0
0.00169713,0.000386143,0.000842445,0.000516841,0.000479708,0.000766746,0.0
0.000491672,0.00157955,4.47466e-20,0.00066014,0.00109364,0.000671473,0.0
0.0,2.05778e-17,0.00115603,0.000267333,0.000140369,0.000839556,0.0
0.00176137,0.0,0.000138733,0.000968985,0.00112245,0.000757451,0.0
0.00919518,9.2686e-31,0.00186133,0.00093045,0.000514247,0.000771039,0.0
0.0,0.00158692,1.48681e-23,0.00209044,0.000613415,0.00077082,0.0
0.0,0.000614812,0.000265465,0.00072046,0.00118053,0.000799027,0.0
0.0,0.0,0.000984848,0.000875432,0.00103025,0.000751325,0.0
0.0,0.000845942,0.000412406,0.00114244,0.00052252,0.000876587,0.0
0.0,5.88149e-26,0.000183686,0.000785763,0.000739274,0.00075504,0.0
0.0,0.00165207,0.00117796,0.000623438,0.000909302,0.00081835,0.0
0.00278111,0.0017287,0.00108201,0.00268099,0.000974889,0.000740483,0.0
0.0,0.0,0.000289281,0.000116524,0.000467822,0.000837919,0.0
1.66179e-34,0.00253616,4.4796e-22,0.00172277,0.00114132,0.000751011,0.0
0.0,0.0025619,9.29131e-07,0.000964321,0.00153803,0.000715575,0.0
0.0,0.00647309,2.85301e-06,0.001056,0.000450439,0.000751098,0.0
0.000809403,0.00446536,0.000878303,0.00103613,0.00069937,0.000797687,0.0
0.00336994,1.61061e-21,0.00116496,0.000212715,0.000563428,0.000387466,7.98275e-05
0.0,0.00454501,1.18031e-23,0.000149688,0.00083626,0.000742688,0.0
0.0019405,0.0,1.73418e-22,0.000336587,0.00121935,0.000773746,0.0
0.000905753,4.26404e-14,0.000750584,0.00177293,0.000545254,0.000764102,0.0
0.0,0.000683132,0.00073977,0.00105287,0.000738354,0.00075863,0.0
0.0,0.00213375,0.000507094,0.000568998,0.000695964,0.000778244,0.0
0.00274557,0.000765173,0.00114827,3.31483e-05,0.000980562,0.000739418,0.0
0.00575278,0.00343578,0.000627276,0.000917049,0.00117681,0.000741299,0.0
0.0,1.1347e-25,0.00230154,2.0316e-23,0.000735087,0.000798628,0.0
0.00249508,1.13895e-40,0.000544016,9.07321e-05,0.000356475,0.000790988,0.0
0.00492613,0.00499074,0.00212038,6.95396e-05,0.000653985,0.00071744,0.0
0.0,0.00623001,3.55478e-32,0.00194953,0.00096396,0.000665164,0.0
0.0,0.00114442,1.90265e-12,0.000130594,0.000576407,0.000818994,0.0
0.0,0.0,0.0016535,0.00111233,0.00118191,0.000827915,0.0
0.00161575,0.00354866,9.52516e-05,0.000303752,0.000855425,0.000808107,0.0
0.0,8.76388e-24,0.000548354,0.00175355,0.000642706,0.000722508,0.0
0.0,2.40779e-10,0.000665088,0.00113413,0.00107814,0.000671812,0.0
0.0,0.00132577,2.43279e-21,0.000997732,0.000854166,0.000698285,0.0
0.00262241,1.38936e-23,4.58321e-28,0.00284803,0.000942552,0.000694505,0.0
0.00315236,6.95939e-05,0.00235355,0.00128012,0.000481725,0.000751094,0.0
2.82193e-07,0.00148867,0.0027093,4.76102e-06,0.000880984,0.000694708,0.0
0.00479741,6.84451e-23,1.35027e-11,1.18801e-39,0.000442956,0.000842994,0.0
1.2656e-09,0.0,0.000410295,0.00112574,0.000715113,0.000807922,0.0
0.0,9.4889e-27,0.000142645,0.000985305,0.00117413,0.000781401,0.0
0.00227198,3.10483e-06,0.0,0.00201922,0.000731981,0.000672618,0.0
0.00283626,2.22934e-23,0.00310033,0.000747664,0.000355001,0.000725955,0.0
0.00993824,0.000624205,0.000794106,0.00100897,0.000956351,0.000669796,0.0
0.0,0.00794783,0.000162584,0.00149182,0.000922561,0.000716433,0.0
0.00449692,0.0027529,0.000247396,6.99102e-06,0.000487676,0.000883913,0.0
0.00322994,6.12308e-39,4.3057e-23,1.74522e-06,0.000750903,0.00077204,0.0
0.0,0.0,0.000455209,0.00059221,0.000507236,0.000783872,0.0
0.0,0.00197829,0.0,0.00169625,6.32524e-05,0.00086398,0.0
0.0,0.0,0.00206526,0.000723371,0.00117617,0.000819199,0.0
0.0,0.000872932,9.11759e-23,0.000860871,0.000750239,0.000746183,0.0
0.0,0.0,3.34693e-29,0.00084822,0.0004965,0.000804083,0.0
0.00674419,0.00253731,0.000502956,0.00138314,0.000295796,0.000806643,0.0
0.00755187,3.74959e-15,0.000318665,0.00151021,0.00061648,0.000782062,0.0
0.00344871,0.0,0.00101078,0.000847436,0.00104446,0.000782133,0.0
0.0,0.0,0.000113883,8.70326e-05,0.000723997,0.000731917,0.0
0.00168602,0.00183204,5.31723e-10,0.000417893,0.000807322,0.000772887,0.0
0.0,0.0,0.000382732,0.000393349,0.000314725,0.000824827,0.0
0.00880063,2.3292e-18,0.00184069,0.000111139,0.000921216,0.000777419,0.0
0.00277229,0.00139505,0.00040976,0.000828398,0.000589839,0.000712964,0.0
3.3355e-10,3.13861e-32,8.29196e-07,0.00203173,0.000616787,0.000709643,0.0
0.0,8.20841e-05,0.0,0.00146818,0.000671328,0.00075937,0.0
6.58978e-09,0.0,0.00155799,0.001509,0.00111673,0.000640452,0.0
0.0,0.00148023,0.0,0.000539608,0.000747304,0.000815035,0.0
0.0006373,0.00256229,0.00104513,0.00150536,0.00094303,0.000672361,0.0
0.00318991,0.00268052,1.38171e-23,2.15182e-07,0.000516235,0.000816864,0.0
0.00318462,3.84581e-23,2.21548e-23,0.00097737,0.000707333,0.000724458,0.0
0.00877848,0.0,0.00133296,0.000263976,0.000829357,0.000754626,0.0
0.0,4.51551e-37,0.0,1.17402e-23,2.45226e-07,0.000206809,0.000288604
0.00495442,0.00433948,1.48995e-05,0.000322654,0.00105903,0.000658402,0.0
0.0,0.0,0.00154567,0.000636522,0.000975578,0.000740931,0.0
2.37164e-18,1.04813e-14,0.00231007,0.00112737,0.000921065,0.000813731,0.0
0.00043364,0.0,5.34312e-05,0.000713158,0.00078751,0.000764942,0.0
0.00374036,0.00159949,0.00274451,0.00100155,0.000659467,0.000677226,0.0
0.00244003,0.0,0.000484785,0.000788846,0.000628333,0.000741042,0.0
0.00321929,0.0,0.000528523,0.00194547,0.00109682,0.000682869,0.0
0.00378039,1.77082e-10,0.00158273,0.001344,0.000799401,0.000695192,0.0
3.54012e-24,0.0,1.64302e-23,0.00133555,0.00111767,0.000734972,0.0
0.00245289,0.000134903,0.00129653,5.37619e-06,0.000938097,0.000724418,0.0
1.21771e-25,0.00678157,0.00223645,0.000771733,0.000559122,0.000754525,0.0
0.00180286,0.00599939,0.000697074,0.000693494,0.000833201,0.000693799,0.0
0.0,8.86561e-30,0.00107465,0.000284856,0.00085685,0.000768378,0.0
0.0,0.00171015,0.000694024,0.000147682,0.00140754,0.000756873,0.0
0.0,1.98584e-24,0.0011638,0.000551114,0.000454232,0.000738074,0.0
0.0,1.98253e-20,0.000869993,0.00171931,0.00136474,0.000673957,0.0
0.0,0.000828361,4.56404e-07,0.00110457,0.000317545,0.000808637,0.0
3.31181e-20,0.0,0.00101861,0.00119767,0.000748751,0.0007911,0.0
0.0,0.0,0.000851004,0.0016633,0.000891995,0.000739387,0.0
0.0,0.0,9.30824e-06,0.00122455,0.00123191,0.000659605,0.0
0.0019988,0.0,0.000158185,0.000909551,0.000397812,0.00080745,0.0
0.00083368,1.11627e-23,7.23251e-05,0.00105916,0.000421475,0.000807575,0.0
4.73958e-27,0.00465711,0.000979674,0.00105705,0.000927301,0.000703447,0.0
0.0,0.0,0.00107935,0.00116067,0.000322567,0.000769985,0.0
0.0,0.0016436,3.09451e-06,0.00100493,0.00114208,0.000744785,0.0
0.0,0.00322636,2.72976e-08,0.00160879,0.00130475,0.000664013,0.0
0.0,1.72812e-30,0.000531981,0.00132185,0.000483384,0.00085119,0.0
0.0003714,1.26742e-23,0.00105415,0.00165846,0.000771873,0.000766709,0.0
0.0,0.00108038,0.00194159,2.91167e-07,0.00141548,0.000731421,0.0
0.00183934,2.88821e-21,0.00136926,0.00183043,0.00117412,0.000697653,0.0
0.0,0.0,0.000866595,0.00144987,0.00114593,0.000729451,0.0
0.0,0.00119898,0.00176123,1.10135e-05,0.000283639,0.000781873,0.0
0.00921681,3.40911e-40,0.0,0.000589391,0.00103026,0.000715022,0.0
0.0,0.0,1.09796e-07,0.000130276,0.000609434,0.000765891,0.0
0.0,2.03113e-14,0.00061472,0.000299703,0.000932312,0.000766599,0.0
0.0,0.0,0.00103118,0.000759998,0.000117358,0.000829335,0.0
0.0,0.000148522,0.000681957,0.000795643,0.000959006,0.000729627,0.0
0.0,4.31664e-13,1.45299e-10,0.00100701,0.000972078,0.000748049,0.0
0.00332451,0.0,0.000606713,0.000965386,0.0002201,0.000813654,0.0
0.00480096,0.00222973,0.00163949,5.74593e-05,0.000735598,0.000810685,0.0
0.00244742,0.0,0.0,0.000485625,0.000724095,0.000772822,0.0
0.0,0.0,0.000640178,0.000577508,0.000554116,0.000742955,0.0
1.01971e-23,1.91553e-31,0.000846276,0.00111891,0.00072791,0.000734418,0.0
0.0,0.00317087,1.99938e-32,0.00106263,0.00115378,0.000758722,0.0
0.000786946,5.63613e-08,0.000599766,0.000409032,0.00049273,0.000822589,0.0
0.0,0.000836356,0.00122194,0.00174396,0.000914321,0.000698168,0.0
1.1062e-23,0.00133618,0.00112754,0.000846874,0.000736667,0.000745398,0.0
0.00620933,0.0,0.000375771,0.000707556,0.00069556,0.000809045,0.0
0.00242939,0.00158667,0.00159903,0.000603504,0.00070818,0.000757461,0.0
0.0,0.000390559,0.00140408,0.00183642,0.00084276,0.000721417,0.0
0.0,0.000714971,0.00152093,0.000466901,0.000360591,0.000833921,0.0
0.0,0.0,0.001064,0.00169636,0.00104339,0.00073448,0.0
0.0,0.000836056,0.00161054,0.000174529,0.000681755,0.000827832,0.0
5.31946e-10,0.00180763,1.69436e-23,0.000844936,0.000703844,0.000711261,0.0
0.00512588,0.0,0.000819114,0.00090645,0.00100925,0.000771897,0.0
0.00265734,0.00312829,0.00260666,0.000371038,0.000621327,0.000651029,0.0
0.0,0.0,7.61147e-06,0.00146844,0.000707047,0.000717644,0.0
0.00346313,0.0,0.00122637,0.000509929,0.00090288,0.000702651,0.0
0.000149144,1.03068e-27,0.000800268,0.000391757,0.000835701,0.000768154,0.0
7.38142e-05,0.0,7.46409e-27,0.000409559,0.00131495,0.00061893,0.0
0.0,0.00165936,0.000347698,0.000549049,0.00141344,0.000758633,0.0
0.0,0.00114365,0.00193473,0.000423362,0.0010812,0.000731172,0.0
0.000128493,4.57201e-06,0.000875556,0.00178488,0.000771987,0.000784207,0.0
0.0,0.0042245,0.000893573,0.000148933,0.000848403,0.00078907,0.0
0.0016025,0.00264751,0.000687719,0.00059912,0.000903428,0.000793991,0.0
1.03865e-20,0.000541306,0.000824579,0.0017949,0.00124021,0.000700845,0.0
0.003044,1.4987e-23,0.00101822,0.000707378,0.000897501,0.000737218,0.0
0.0,0.00184073,0.00140215,0.00160029,0.00103319,0.000736829,0.0
0.0,0.000814004,0.00126789,0.000518828,0.000505187,0.000879591,0.0
0.0,0.0,6.11341e-35,0.00107574,0.000852605,0.00083633,0.0
0.0,0.0,0.00148745,0.00062804,0.0008838,0.000734836,0.0
0.0023861,0.00346783,2.33065e-07,0.000840932,0.000480627,0.000827187,0.0
0.0,0.0,0.00184587,0.00141943,0.00116143,0.00067796,0.0
0.0034294,7.56017e-16,5.7517e-16,0.00112527,0.00127305,0.000784871,0.0
0.0,0.00410939,0.00116201,0.000540747,0.00126132,0.000697398,0.0
0.0,1.28375e-24,0.0013015,0.00118709,0.000877954,0.000690371,0.0
0.0,0.00311356,0.0020184,0.000495158,0.000932867,0.000743152,0.0
0.0,0.00467063,0.000461787,4.08535e-05,0.00103778,0.000733125,0.0
0.00316901,0.0,2.82718e-08,3.64521e-07,0.000402634,0.000813864,0.0
0.0,0.0,1.05175e-14,0.000418232,0.00115787,0.000729903,0.0
0.00163882,0.0,0.0,0.00147022,0.000740449,0.000771084,0.0
0.0,0.0,0.00041131,0.00126834,0.0010009,0.000697411,0.0
0.0,0.000163532,0.00081863,0.00132176,0.000234005,0.000692012,0.0
0.0,0.0,0.000710826,0.00197398,0.00116511,0.000776896,0.0
0.0,0.00286203,8.36787e-08,0.000490577,0.000868207,0.000755285,0.0
0.00280066,3.75154e-40,0.00131159,0.000300435,0.00112794,0.000767132,0.0
0.0,8.66471e-32,0.000718022,0.000501463,0.00107294,0.000758188,0.0
0.0,0.00374209,0.00214833,0.000551667,0.000853678,0.000781714,0.0
3.41639e-11,3.8948e-35,0.00209904,0.0013575,0.000809307,0.000727778,0.0
0.0,0.000836367,0.000598245,0.00226601,0.000502708,0.000728679,0.0
0.00596725,0.00340364,0.000426315,0.00175388,0.00103109,0.000684037,0.0
0.0,1.72743e-23,0.00103758,0.000485951,0.000850542,0.000727081,0.0
0.00249992,0.0054588,0.0024424,0.000735291,0.00108737,0.000732261,0.0
0.0,0.000175958,0.00184344,0.000791029,0.000848164,0.000796504,0.0
0.0,0.00554768,0.000733983,0.00146541,0.000867196,0.000758045,0.0
0.0,0.00196888,3.08106e-20,0.000453561,0.0017316,0.000741691,0.0
0.0,0.00161021,0.000560151,0.00125995,0.000510781,0.00079509,0.0
0.00622573,0.0,0.000730323,0.000435128,0.000778375,0.00071127,0.0
0.00577191,0.0,0.000630315,0.00134678,0.00099299,0.000725285,0.0
0.00318234,0.00603565,0.00161191,0.00200617,0.00105104,0.00070484,0.0
0.00249382,0.000267639,9.85671e-24,0.00210321,0.00100196,0.000734297,0.0
0.0,0.00142833,0.000780278,0.00152209,0.000779844,0.000738131,0.0
0.0,5.0279e-13,4.43485e-06,0.00115025,0.00128372,0.000747974,0.0
0.00516887,0.0,1.764e-34,1.20521e-05,0.000919674,0.000755068,0.0
0.0,0.00300776,0.00125759,0.00132245,0.00130405,0.000724812,0.0
0.0,0.00658183,0.0,4.89054e-07,0.00111135,0.00086196,0.0
0.0,0.0,0.000415861,0.00198676,0.00052711,0.000729098,0.0
0.0,0.000806332,0.0,6.26398e-05,0.0011464,0.000822502,0.0
0.00503412,1.56366e-20,3.75336e-26,0.00188841,0.00118631,0.000567924,0.0
3.9337e-09,0.00122991,0.000342137,0.000720817,0.000979471,0.000693115,0.0
0.0,0.0,0.000381567,0.000823404,0.00092786,0.000760291,0.0
0.0,0.00457544,0.000346868,0.000985457,0.0012526,0.000716772,0.0
9.9388e-05,0.0,9.91951e-05,0.00150636,0.000667322,0.000765612,0.0
0.0,0.0,0.00124481,0.00134087,0.000948359,0.000778771,0.0
0.00168615,0.0,0.000853385,0.000719181,0.000459893,0.000796371,0.0
0.0,0.00201687,0.000413464,0.000434586,0.000805131,0.000740875,0.0
0.00291837,1.74884e-25,0.00205554,0.00128082,0.00121185,0.000735528,0.0
0.0,0.0,2.50829e-33,0.00150671,0.000937526,0.000780421,0.0
8.47676e-08,0.00162738,0.0019967,0.000571626,0.000697826,0.000739749,0.0
0.0024908,0.0,0.0,0.000992092,0.000618116,0.000761761,0.0
0.0,0.0,4.26951e-26,0.00139636,0.00107503,0.00076263,0.0
1.27386e-11,0.0,0.0,3.66111e-12,0.000283697,0.000291724,0.000243265
0.0,0.00453425,0.000678895,0.00106923,0.000839509,0.000711418,0.0
1.36999e-23,0.0,0.0014776,9.61346e-05,0.000811864,0.000773947,0.0
0.00167304,0.0,0.000553488,0.000528402,0.00126679,0.000815935,0.0
0.0,0.00156703,0.00138731,0.00143759,0.00163926,0.000650889,0.0
0.0,0.0,4.67996e-05,0.000264482,0.000598037,0.000814128,0.0
0.0,0.00468247,0.000190766,0.00118702,0.000849638,0.000709746,0.0
0.0,1.59506e-23,0.00144497,0.000843028,0.000817891,0.000781186,0.0
