41.85 -87.65 1 2
41.2230556 -111.97305559999998 1 35
37.7652778 -122.2405556 1 67
43.0730556 -89.4011111 1 70
40.09305560000001 -83.0180556 1 85
32.7947222 -116.9616667 1 87
41.2380556 -81.8419444 1 127
33.41 -91.0616667 1 177
43.6122222 -116.39055559999998 1 181
30.3319444 -81.6558333 1 188
47.2358333 -122.5491667 1 218
38.0497222 -84.45861109999998 1 220
30.450555600000005 -91.1544444 1 252
30.3319444 -81.6558333 1 301
26.525 -80.0666667 1 361
38.8038889 -76.9069444 1 371
37.8716667 -122.2716667 1 393
43.0388889 -87.90638890000002 1 437
41.47555560000001 -81.8394444 1 453
31.311111100000005 -92.445 1 592
33.8536111 -118.1330556 1 604
32.9536111 -96.89 1 610
39.8366667 -105.0366667 1 645
40.0191667 -82.8794444 1 693
36.8252778 -119.70194440000002 1 756
37.96388889999999 -121.2283333 1 802
38.0497222 -84.45861109999998 1 815
41.08138889999999 -81.5191667 1 817
30.8363889 -83.97888890000002 1 824
32.2216667 -110.9258333 1 858
42.33694439999999 -83.2733333 1 912
42.9763889 -88.1083333 1 969
41.5758333 -72.5030556 1 986
45.1977778 -93.3869444 1 987
44.8277778 -92.9436111 1 988
41.49 -71.3133333 1 1075
42.4894444 -83.1447222 1 1120
47.38111110000001 -122.2336111 1 1201
38.8338889 -104.8208333 1 1297
28.538055600000003 -81.3794444 1 1305
61.2180556 -149.90027780000003 1 1312
26.3583333 -80.08333329999998 1 1316
32.351111100000004 -95.3008333 1 1318
34.1425 -118.2541667 1 1402
38.9777778 -77.0077778 1 1430
32.8405556 -83.6325 1 1505
33.6694444 -117.8222222 1 1526
35.084444399999995 -106.6505556 1 1533
34.0202778 -117.8644444 1 1559
42.0255556 -88.17833329999998 1 1720
38.7877778 -90.2158333 1 1755
38.0466667 -97.3447222 1 1760
44.2022222 -88.4463889 1 1837
40.7141667 -74.0063889 1 1891
29.763055600000005 -95.3630556 1 1896
33.41 -91.0616667 1 1951
42.0833333 -71.3972222 1 2015
40.73555560000001 -74.17277779999998 1 2105
38.8338889 -104.8208333 1 2106
42.0713889 -70.80972220000002 1 2205
44.8277778 -92.9436111 1 2219
30.3319444 -81.6558333 1 2274
41.6736111 -88.0016667 1 2278
30.1297222 -81.7683333 1 2316
39.8366667 -104.9586111 1 2367
35.14944439999999 -90.04888890000002 1 2377
40.7141667 -74.0063889 1 2435
47.6063889 -122.33083329999998 1 2455
37.6391667 -120.9958333 1 2538
40.6916667 -112.0002778 1 2550
35.95555560000001 -80.0055556 1 2657
40.4405556 -79.9961111 1 2690
44.0522222 -123.0855556 1 2827
42.4927778 -92.3427778 1 2905
41.60055560000001 -93.6088889 1 2910
42.1394444 -83.17833329999998 1 3033
40.72805560000001 -74.0780556 1 3055
42.2966667 -89.6211111 1 3071
30.3319444 -81.6558333 1 3090
35.7325 -78.85055559999998 1 3114
41.85 -87.65 1 3189
39.9522222 -75.1641667 1 3338
25.7738889 -80.1938889 1 3381
41.85 -87.65 1 3382
34.1361111 -117.8644444 1 3415
41.4088889 -75.66277779999999 1 3426
29.9544444 -90.075 1 3438
33.6619444 -112.3405556 1 3493
21.4447222 -158.19 1 3573
33.76694439999999 -118.18833329999998 1 3589
47.6816667 -122.2075 1 3614
42.0083333 -91.6438889 1 3646
39.48305560000001 -88.3727778 1 3663
36.8466667 -76.2855556 1 3741
34.53611110000001 -117.2902778 1 3752
34.2283333 -92.0030556 1 3786
38.02916670000001 -78.47694440000002 1 3787
40.7141667 -74.0063889 1 3788
37.3869444 -120.7225 1 3818
40.8516667 -74.2294444 1 3854
37.5483333 -121.9875 1 3855
40.7141667 -74.0063889 1 3880
39.2902778 -76.6125 1 3898
34.1363889 -118.7736111 1 3908
35.4366667 -94.3480556 1 3981
39.4577778 -76.3555556 1 4015
41.47555560000001 -81.8394444 1 4043
42.0333333 -87.8833333 1 4057
27.515555600000006 -97.8558333 1 4099
38.5816667 -121.4933333 1 4119
41.85 -87.65 1 4130
32.7252778 -114.6236111 1 4187
42.33138889999999 -83.0458333 1 4189
40.7811111 -73.2466667 1 4190
26.525 -80.0666667 1 4202
39.9611111 -82.99888890000003 1 4225
33.9961111 -117.4047222 1 4262
41.85 -87.65 1 4286
39.7391667 -104.98416670000002 1 4348
29.763055600000005 -95.3630556 1 4369
38.6122222 -90.4633333 1 4383
33.4483333 -112.0733333 1 4414
34.012222200000004 -117.68805559999998 1 4424
33.8352778 -117.9136111 1 4427
41.525 -88.0816667 1 4445
33.7488889 -84.3880556 1 4488
38.2541667 -85.7594444 1 4532
37.55361110000001 -77.46055559999998 1 4539
41.0241667 -80.66305559999998 1 4599
43.3044444 -70.9761111 1 4613
40.14388889999999 -75.1161111 1 4738
42.6827778 -89.01861109999999 1 4745
29.763055600000005 -95.3630556 1 4815
34.0522222 -118.2427778 1 4823
39.7391667 -104.98416670000002 1 4831
42.4583333 -71.0666667 1 4975
32.5447222 -94.3672222 1 5050
38.2541667 -85.7594444 1 5094
26.775 -80.0583333 1 5110
41.5191667 -81.4580556 1 5121
41.2222222 -73.0569444 1 5144
42.33138889999999 -83.0458333 1 5181
43.1947222 -88.72888890000002 1 5199
38.1075 -122.5686111 1 5203
33.5602778 -81.7197222 1 5208
41.7469444 -88.05027779999998 1 5226
42.4083333 -71.0125 1 5253
31.891111100000003 -85.1455556 1 5345
40.5580556 -90.035 1 5465
37.6391667 -120.9958333 1 5504
44.9444444 -93.0930556 1 5599
40.7141667 -74.0063889 1 5632
29.6258333 -95.7313889 1 5633
29.383611100000003 -94.9025 1 5726
47.4258333 -120.28 1 5730
41.08138889999999 -81.5191667 1 5738
35.084444399999995 -106.6505556 1 5819
42.0083333 -91.6438889 1 5827
43.04805560000001 -76.1477778 1 5837
27.770555600000005 -82.67944440000002 1 5860
40.7141667 -74.0063889 1 5897
41.85 -87.65 1 5898
40.2363889 -83.3672222 1 5975
36.1658333 -86.7844444 1 5977
38.2544444 -104.6086111 1 5978
18.382777800000003 -65.95777779999999 1 6006
41.1144444 -83.1780556 1 6011
41.7469444 -88.05027779999998 1 6019
38.3497222 -81.6327778 1 6083
40.8822222 -74.08361109999998 1 6095
34.1477778 -118.1436111 1 6111
39.5847222 -104.9005556 1 6114
42.3086111 -83.48222220000002 1 6176
33.849166700000005 -118.3875 1 6290
18.4744444 -66.7161111 1 6342
32.783333299999995 -96.8 1 6357
42.20111110000001 -85.58 1 6412
37.6688889 -122.0797222 1 6598
41.85 -87.65 1 6608
28.248611100000005 -81.28138890000002 1 6644
33.9311111 -117.5477778 1 6645
38.7908333 -121.2347222 1 6710
32.783333299999995 -96.8 1 6724
32.351111100000004 -95.3008333 1 6795
33.7455556 -117.8669444 1 6850
32.9125 -96.6386111 1 6891
34.0522222 -118.2427778 1 6914
40.7141667 -74.0063889 1 6944
33.8936111 -117.7263889 1 7007
40.7141667 -74.0063889 1 7195
42.0027778 -71.51527779999998 1 7198
44.8408333 -93.2980556 1 7236
40.8583333 -74.1641667 1 7362
36.0725 -79.79222220000003 1 7389
33.3061111 -111.8405556 1 7404
29.763055600000005 -95.3630556 1 7433
42.4805556 -83.47555559999998 1 7449
38.895 -77.0366667 1 7506
32.7252778 -97.3205556 1 7512
43.2127778 -75.45611109999999 1 7667
30.2669444 -97.7427778 1 7726
39.9611111 -82.99888890000003 1 7786
33.7455556 -117.8669444 1 7794
42.2611111 -71.46388890000001 1 7806
39.9522222 -75.1641667 1 7837
42.33138889999999 -83.0458333 1 7944
36.7477778 -119.7713889 1 7970
40.4863889 -86.1336111 1 8046
42.3583333 -71.0602778 1 8092
38.5805556 -121.52916670000002 1 8212
40.8516667 -74.2294444 1 8280
37.3541667 -121.95416670000002 1 8321
41.08138889999999 -81.5191667 1 8351
40.8625 -76.79472220000002 1 8352
37.5841667 -122.365 1 8356
34.0522222 -118.2427778 1 8364
38.8302778 -77.19666670000002 1 8420
35.77194439999999 -78.63888890000001 1 8433
33.7222222 -116.3736111 1 8449
31.758611100000003 -106.4863889 1 8485
32.7947222 -116.9616667 1 8536
34.0522222 -118.2427778 1 8559
36.0397222 -114.9811111 1 8571
39.9522222 -75.1641667 1 8598
34.1063889 -117.5922222 1 8601
42.2963889 -71.2930556 1 8606
31.758611100000003 -106.4863889 1 8623
39.0838889 -77.1530556 1 8673
41.5580556 -73.0519444 1 8711
33.902222200000004 -118.08083329999998 1 8713
40.3922222 -79.9002778 1 8741
30.0858333 -94.1016667 1 8766
38.99055560000001 -77.02638890000001 1 8809
18.3822222 -65.8316667 1 8874
33.883888899999995 -84.5144444 1 8924
39.7972222 -84.31138890000003 1 8990
39.7686111 -94.8463889 1 9042
31.891111100000003 -85.1455556 1 9044
37.59861110000001 -122.3861111 1 9117
45.3 -122.7725 1 9156
39.9555556 -86.01388890000001 1 9159
39.1652778 -86.52638890000001 1 9165
32.7152778 -117.1563889 1 9298
39.2013889 -85.92138890000003 1 9343
31.5491667 -97.1463889 1 9393
26.1272222 -80.2333333 1 9442
29.4238889 -98.4933333 1 9493
42.0333333 -87.8833333 1 9511
18.3430556 -66.3172222 1 9512
33.4483333 -112.0733333 1 9535
26.318055600000005 -80.1 1 9599
47.9791667 -122.2008333 1 9600
30.6277778 -96.3341667 1 9607
40.7141667 -74.0063889 1 9611
37.2275 -80.0130556 1 9612
41.5933333 -87.34638890000002 1 9686
40.7141667 -74.0063889 1 9727
36.8527778 -75.9783333 1 9758
