59.6425 -151.5483333 1 3
32.5091667 -92.1191667 1 3
38.9686111 -77.34138890000001 1 12
41.1144444 -83.1780556 1 17
41.2619444 -95.8608333 1 18
41.35 -72.07888890000002 1 23
41.85 -87.65 1 30
42.3636111 -87.8447222 1 49
38.9516667 -92.3338889 1 53
40.7141667 -74.0063889 1 62
33.618888899999995 -117.9280556 1 71
26.4669444 -81.8016667 1 75
34.1063889 -117.5922222 1 85
44.5438889 -73.1483333 1 123
34.2694444 -118.7805556 1 127
42.0027778 -71.51527779999998 1 128
34.0522222 -118.2427778 1 129
36.72805560000001 -91.8522222 1 138
29.383611100000003 -94.9025 1 139
44.0522222 -123.0855556 1 140
41.3983333 -81.8047222 1 144
42.2408333 -83.2697222 1 145
32.7152778 -117.1563889 1 147
40.9311111 -73.8991667 1 151
43.7508333 -87.7144444 1 155
40.4591667 -74.36138890000002 1 159
40.7141667 -74.0063889 1 163
39.0638889 -108.55 1 168
34.2541667 -110.02916670000002 1 172
40.7141667 -74.0063889 1 175
42.24111110000001 -88.31611109999999 1 191
43.3094444 -73.6444444 1 194
42.6702778 -71.3025 1 204
35.14944439999999 -90.04888890000002 1 209
39.7972222 -84.31138890000003 1 209
36.1538889 -95.9925 1 210
29.5633333 -95.2858333 1 214
41.5733333 -87.7844444 1 222
42.5083333 -89.0316667 1 227
40.7141667 -74.0063889 1 229
33.6355556 -96.6086111 1 231
37.8227778 -121.2755556 1 234
41.915 -71.9094444 1 235
39.2902778 -76.6125 1 238
34.2694444 -118.7805556 1 251
33.4147222 -111.9086111 1 258
34.0922222 -117.43416670000002 1 258
44.8547222 -93.4705556 1 263
46.4166667 -117.01666670000002 1 272
40.4188889 -80.58972220000003 1 276
18.0836111 -67.0452778 1 282
41.2586111 -95.9375 1 294
35.226944399999994 -80.8433333 1 301
46.1383333 -122.93694440000002 1 306
47.6575 -117.2388889 1 311
26.2375 -80.125 1 315
37.6625 -121.8736111 1 323
42.33138889999999 -83.0458333 1 333
29.6158333 -95.5575 1 335
35.9152778 -94.9697222 1 335
30.3319444 -81.6558333 1 349
40.7141667 -74.0063889 1 371
36.8466667 -76.2855556 1 374
39.7683333 -86.1580556 1 400
39.9536111 -74.1983333 1 414
38.7191667 -90.2602778 1 418
38.8813889 -94.8188889 1 429
42.2069444 -71.68611109999998 1 430
40.4416667 -79.8822222 1 430
34.116111100000005 -118.1494444 1 437
40.1447222 -84.2425 1 437
42.11555560000001 -75.9591667 1 454
32.220555600000004 -98.2019444 1 455
39.2902778 -76.6125 1 461
36.2111111 -115.0722222 1 463
39.17305560000001 -77.2719444 1 467
37.4136111 -79.1425 1 477
41.5772222 -93.7111111 1 484
37.2152778 -93.2980556 1 491
29.991111100000005 -93.9583333 1 496
32.42055560000001 -104.2283333 1 504
44.2780556 -88.2719444 1 505
37.6688889 -122.0797222 1 506
41.4994444 -81.69555559999998 1 508
34.608611100000005 -98.39 1 517
27.8002778 -97.39611109999998 1 526
32.2977778 -110.9180556 1 549
29.619444399999995 -95.6347222 1 549
41.08138889999999 -81.5191667 1 550
42.46666670000001 -70.95 1 551
36.1658333 -86.7844444 1 554
45.14388889999999 -122.8541667 1 560
30.223888899999995 -92.0197222 1 565
39.9522222 -75.1641667 1 566
40.7141667 -74.0063889 1 574
41.84444439999999 -90.1886111 1 574
34.8697222 -111.7602778 1 595
42.2833333 -71.35 1 624
35.960555600000006 -83.9208333 1 630
46.2858333 -119.28333329999998 1 637
42.2666667 -72.6694444 1 639
40.4405556 -79.9961111 1 648
35.084444399999995 -106.6505556 1 656
33.764444399999995 -117.7930556 1 658
25.7055556 -80.3525 1 668
41.08138889999999 -81.5191667 1 673
36.3302778 -119.2911111 1 677
39.9611111 -82.99888890000003 1 677
34.148055600000006 -117.9980556 1 677
40.7141667 -74.0063889 1 681
40.7141667 -74.0063889 1 687
29.9544444 -90.075 1 695
38.52 -89.98388890000003 1 697
33.9413889 -118.3013889 1 708
40.7141667 -74.0063889 1 709
40.5247222 -111.86305559999998 1 717
41.9888889 -88.6866667 1 718
42.3086111 -83.48222220000002 1 726
42.33138889999999 -83.0458333 1 751
30.2669444 -97.7427778 1 766
32.0952778 -96.4686111 1 767
18.4608333 -66.2680556 1 769
41.6638889 -83.5552778 1 770
34.1991667 -118.18694440000002 1 772
40.7141667 -74.0063889 1 773
40.7141667 -74.0063889 1 780
41.4169444 -87.36527779999999 1 787
48.2325 -101.2958333 1 791
32.2216667 -110.9258333 1 802
26.1 -80.4 1 809
29.9838889 -90.1527778 1 813
45.00611110000001 -93.1563889 1 815
34.22555560000001 -77.945 1 816
29.209444399999995 -99.7858333 1 816
41.6302778 -87.85388890000002 1 822
33.4858333 -86.9119444 1 823
21.3155556 -158.00722219999997 1 828
34.0522222 -118.2427778 1 833
33.881666700000004 -118.1161111 1 838
37.55361110000001 -77.46055559999998 1 844
37.775 -122.4183333 1 845
39.9522222 -75.1641667 1 846
47.1413889 -122.2688889 1 863
35.2219444 -101.8308333 1 880
33.2 -117.2416667 1 899
34.0522222 -118.2427778 1 907
37.6305556 -122.41 1 925
42.6875 -83.2341667 1 927
37.6391667 -120.9958333 1 943
32.6097222 -85.4808333 1 946
39.7588889 -84.1916667 1 969
38.5816667 -121.4933333 1 969
38.2972222 -122.2844444 1 976
42.2575 -83.2111111 1 978
31.758611100000003 -106.4863889 1 992
37.3394444 -121.8938889 1 1000
39.0838889 -76.7005556 1 1008
29.8991667 -90.1002778 1 1016
39.5872222 -104.9522222 1 1048
29.665555600000005 -95.0191667 1 1049
33.5225 -117.7066667 1 1049
42.9058333 -88.13888890000001 1 1050
39.46666670000001 -87.4138889 1 1052
25.9113889 -80.2005556 1 1059
38.9886111 -76.9816667 1 1069
38.6369444 -77.31138890000003 1 1075
37.55361110000001 -77.46055559999998 1 1077
35.084444399999995 -106.6505556 1 1078
27.9091667 -82.7875 1 1079
33.8702778 -117.9244444 1 1080
34.444166700000004 -85.7197222 1 1085
29.763055600000005 -95.3630556 1 1086
33.7877778 -117.8522222 1 1098
29.991111100000005 -93.9583333 1 1108
27.498611100000005 -82.575 1 1121
40.9311111 -73.8991667 1 1135
44.9483333 -93.3477778 1 1136
33.9166667 -117.8991667 1 1143
41.6413889 -80.1516667 1 1153
26.3013889 -98.1630556 1 1157
31.963611100000005 -95.2702778 1 1161
41.85 -87.65 1 1172
41.5066667 -90.515 1 1182
43.773055600000006 -88.4469444 1 1193
30.3319444 -81.6558333 1 1195
42.0833333 -71.01888890000002 1 1195
40.6583333 -74.3 1 1206
35.6125 -77.3666667 1 1207
39.4561111 -77.9641667 1 1212
33.4483333 -112.0733333 1 1213
35.226944399999994 -80.8433333 1 1215
33.580555600000004 -112.2366667 1 1222
26.0027778 -80.2241667 1 1228
35.95555560000001 -80.0055556 1 1239
40.7141667 -74.0063889 1 1246
36.5483333 -82.5619444 1 1247
34.0522222 -118.2427778 1 1253
38.1111111 -85.8702778 1 1255
36.9772222 -121.8983333 1 1257
30.2669444 -97.7427778 1 1257
40.6866667 -73.37388890000003 1 1257
35.6527778 -97.4777778 1 1259
37.56305560000001 -122.32444440000002 1 1269
40.015 -105.27 1 1271
37.60861110000001 -77.37361109999998 1 1271
39.11555560000001 -77.56388890000002 1 1273
39.7294444 -104.8313889 1 1291
33.9533333 -117.3952778 1 1301
34.0522222 -118.2427778 1 1308
39.9522222 -75.1641667 1 1327
39.7391667 -104.98416670000002 1 1353
41.85 -87.65 1 1354
33.5225 -117.7066667 1 1368
38.1302778 -121.2713889 1 1375
38.8791667 -99.3263889 1 1377
40.7141667 -74.0063889 1 1384
32.7152778 -117.1563889 1 1386
41.85 -87.65 1 1386
30.82055560000001 -88.07055559999998 1 1389
38.895 -77.0366667 1 1390
38.8813889 -94.8188889 1 1397
41.85 -87.65 1 1405
38.4191667 -82.4452778 1 1413
42.9133333 -85.70527779999998 1 1419
35.615 -87.03527779999997 1 1423
32.2216667 -110.9258333 1 1427
33.8722222 -117.86944440000002 1 1427
31.116944399999994 -97.7275 1 1429
33.4486111 -86.78777779999999 1 1432
42.3241667 -83.4002778 1 1432
41.4169444 -81.5275 1 1456
37.6688889 -122.0797222 1 1456
35.6144444 -88.81388890000002 1 1466
21.3069444 -157.8583333 1 1467
40.5802778 -74.2855556 1 1468
34.4358333 -119.82666670000002 1 1477
35.4797222 -79.1805556 1 1478
40.3275 -80.0397222 1 1481
39.92055560000001 -105.0861111 1 1482
38.8338889 -104.8208333 1 1493
40.73555560000001 -74.17277779999998 1 1497
32.351111100000004 -95.3008333 1 1505
37.9747222 -87.5558333 1 1510
33.7475 -116.9711111 1 1518
29.4238889 -98.4933333 1 1523
40.0638889 -80.72111109999999 1 1524
42.33138889999999 -83.0458333 1 1529
38.5816667 -121.4933333 1 1532
40.6319444 -73.7130556 1 1534
29.763055600000005 -95.3630556 1 1536
38.2972222 -122.2844444 1 1543
26.615555600000004 -80.05722220000001 1 1564
33.7488889 -84.3880556 1 1568
29.460555600000006 -95.0511111 1 1568
32.351111100000004 -95.3008333 1 1571
29.763055600000005 -95.3630556 1 1579
34.7463889 -92.2894444 1 1582
42.6333333 -71.3166667 1 1594
35.68694439999999 -105.9372222 1 1595
34.5036111 -93.055 1 1600
32.525 -93.75 1 1607
39.7391667 -104.98416670000002 1 1611
42.5997222 -71.3677778 1 1618
39.2902778 -76.6125 1 1637
33.5777778 -101.8547222 1 1641
40.5066667 -74.2658333 1 1643
39.7391667 -104.98416670000002 1 1647
34.0552778 -117.7513889 1 1654
39.22361110000001 -84.4422222 1 1662
39.4352778 -84.2030556 1 1677
41.16166670000001 -112.0255556 1 1681
39.5538889 -104.9688889 1 1684
42.3583333 -71.0602778 1 1690
42.4894444 -83.1447222 1 1692
40.6097222 -111.93833329999998 1 1700
42.8805556 -71.32777779999998 1 1701
35.14944439999999 -90.04888890000002 1 1715
40.7141667 -74.0063889 1 1732
41.2844444 -84.3558333 1 1748
34.17055560000001 -118.8366667 1 1756
30.4391667 -97.6197222 1 1759
33.5205556 -86.8025 1 1766
42.5047222 -71.1961111 1 1771
45.0861111 -93.2630556 1 1772
32.8475 -115.5686111 1 1775
35.1463889 -90.1844444 1 1780
45.3808333 -122.5936111 1 1792
37.3394444 -121.8938889 1 1801
34.03611110000001 -117.9902778 1 1803
33.751388899999995 -84.7477778 1 1805
