43.159625360693276 -91.24299626469991 1 14
46.003598032494004 -110.82638985455897 1 36
43.36754750144039 -83.6153467030842 1 67
34.73900692578785 -78.39924823842047 1 120
42.994160894480835 -94.92911218484792 1 121
38.806421807830446 -103.62248610447051 1 132
41.69890364341926 -87.67473975122005 1 140
30.62790700321076 -116.81912760545976 1 148
28.258998171603903 -80.42909398775208 1 148
34.94257230773005 -74.69152674616473 1 156
29.275402993930186 -83.68729758941672 1 181
33.55505382429011 -104.205635373231 1 211
27.522989852598393 -86.75604647580136 1 214
40.85038654470343 -82.87573927841127 1 215
37.66120222331057 -102.1498317480904 1 225
45.41994379131562 -119.34394881658501 1 241
41.55178801421118 -94.82440083739061 1 241
27.705142245474125 -91.6197079745492 1 247
29.856407366403094 -119.81791770731604 1 269
39.72043996800157 -98.9368995119455 1 283
41.65630131073881 -110.63743373170209 1 297
42.26453805621354 -74.84506775106803 1 304
40.27698781995982 -105.92505377967244 1 305
37.12904193378882 -77.8771765690317 1 307
43.42709268075089 -77.73708163335874 1 366
44.88999303347187 -82.83443156661428 1 375
31.800304043596885 -77.05432277467773 1 381
32.443171575604545 -107.87978948217257 1 385
43.073821126718734 -113.03644740578022 1 397
42.83943560153104 -77.12654339186426 1 406
45.08503104368977 -103.28821704960544 1 406
33.418034062210914 -75.7493362699649 1 423
30.164537269363947 -78.76304840056225 1 427
40.23566582992922 -92.39403277347753 1 459
38.64157235262355 -77.97598559847805 1 515
43.0897947675814 -76.93376051702907 1 544
40.10030376592306 -87.12766471008554 1 549
41.820521044566505 -108.2758185062292 1 556
39.872918675638715 -117.2893950270228 1 559
45.96723733347973 -84.70323099834843 1 568
31.100643972403997 -91.89945499457056 1 587
32.37388561096361 -121.0680107415703 1 591
40.66568208280627 -97.72105418329605 1 596
40.706723517775586 -75.29687503468367 1 602
34.07224920978823 -118.09662887154374 1 609
41.612342028360004 -111.09342670472124 1 637
33.725249471410656 -91.26548987115058 1 671
41.003153489381496 -118.93437891478865 1 673
40.804390004716254 -116.91300700334432 1 703
41.1640540802853 -118.36714876085422 1 709
35.73376787694001 -119.98438337616926 1 721
37.29341587112059 -101.51527433889989 1 744
30.252437208199492 -93.63018903428454 1 753
28.039225163924037 -86.75594734208585 1 769
33.63127800607663 -113.5000502159164 1 773
31.201824674224248 -110.61940358967077 1 789
32.87825928475994 -115.19880829799753 1 844
43.995886067376134 -79.87438657375787 1 853
29.22361667783915 -82.76400278362988 1 870
38.2658923915657 -87.71478564190392 1 878
36.79335892637583 -102.84702413512173 1 892
31.234449122069154 -90.9529751028992 1 897
32.78544496871376 -106.14556106358278 1 903
40.94023905897089 -84.53520215167136 1 911
38.10045677917378 -111.10729691245972 1 931
34.50624525569689 -113.73930865102713 1 964
41.743679179043056 -79.15005636439243 1 968
30.965329849511686 -119.03738205751407 1 989
27.951084049419652 -110.38851572539531 1 1021
33.941768240129676 -105.36542631073367 1 1030
35.26035961718179 -104.46902112868578 1 1036
40.03418316379464 -109.72650999804696 1 1043
42.844521422942776 -88.21161611922784 1 1052
34.95091678935299 -86.73875236781478 1 1061
38.053846617796296 -96.02152182175291 1 1065
42.782152486042136 -80.3219362009122 1 1094
36.71531061995794 -100.52137919173352 1 1109
44.12090905553196 -117.03746832180212 1 1131
43.97486493393363 -120.02341241190139 1 1218
31.408511198508126 -102.44282982604958 1 1227
33.790648422966434 -96.63614294708272 1 1250
40.94030521378982 -74.2063802048604 1 1310
42.30171708689628 -111.06991935012991 1 1319
34.828853585986366 -110.34843864851783 1 1342
33.86551233353836 -74.39621766905731 1 1347
32.26551507237135 -118.40858783546798 1 1372
36.225394662876376 -120.25776539623762 1 1372
31.90705978080877 -100.63807002606356 1 1379
42.05142515159793 -105.45188126650885 1 1417
28.89273409963251 -100.68926171883841 1 1420
43.24678147960826 -103.83875706765102 1 1422
33.36022645295418 -102.05459711030035 1 1454
42.5063132493225 -78.65165512879796 1 1461
39.05963287950459 -75.2179818228905 1 1471
34.61431020729472 -122.25418577945386 1 1486
34.3752326387821 -91.69525532291586 1 1531
31.97409793658681 -80.57466785440195 1 1563
32.64299124738261 -112.25438552650122 1 1566
39.400624077896154 -99.19825101297675 1 1602
29.238261062036933 -81.26022930317208 1 1602
32.45945116412779 -77.51789051015422 1 1624
37.84916220852174 -74.92277986779389 1 1705
34.020034107969735 -99.89028549293715 1 1766
41.71344918262023 -85.79831266965547 1 1778
42.116563454635795 -107.63536795681846 1 1786
28.23931804053028 -75.01964398266216 1 1792
38.01039279821837 -120.99491947077331 1 1804
45.36804595788415 -100.99421579830208 1 1863
40.78916834862423 -115.23750805003381 1 1868
42.66548132622209 -98.57190438549365 1 1871
33.17480896372633 -107.45421451391408 1 1913
38.8865897043294 -76.29022714075481 1 1945
29.632797796848706 -91.62774560249161 1 1952
41.70170752974273 -114.91085326811961 1 1959
38.51810438564714 -119.71563444828267 1 2002
42.54830700902938 -83.48797005594992 1 2014
38.34009941790248 -109.12263906765136 1 2040
43.415601370811075 -89.77062332440818 1 2078
44.90650466577372 -120.15364780815909 1 2129
44.95731596809673 -88.43118263575357 1 2129
43.81491480073667 -107.80850176916897 1 2137
31.178139041566094 -75.12075341373986 1 2141
30.06954441538813 -115.17084386995289 1 2144
30.27426963365064 -90.12341317956583 1 2167
36.38347016252007 -78.54090603828342 1 2194
29.402442718670258 -97.9543945977527 1 2196
35.38140425734785 -119.85424582278745 1 2221
27.894147724648832 -105.84409310631867 1 2222
42.310308581120275 -74.55206910984084 1 2223
38.334444862040264 -117.60960829615271 1 2236
41.60131680610912 -90.41513079152664 1 2258
39.1881525686987 -101.00548979208828 1 2270
39.006088811451804 -107.12549540677045 1 2342
39.46689078962427 -121.05192651443308 1 2344
42.06329102082907 -111.51788582838788 1 2395
33.40589815560381 -93.59599477311264 1 2396
39.70167885098934 -82.97518328250484 1 2396
32.76260105061647 -101.39655384492131 1 2399
28.06961483113131 -98.27852693540547 1 2411
35.366139555527724 -95.02714362614246 1 2414
41.00763927738857 -103.00551312110449 1 2420
40.01600142120511 -104.86416897091276 1 2428
34.78968925631362 -90.76556530240488 1 2484
32.477752865411595 -83.77051957200041 1 2526
34.667586829151084 -107.57211090415193 1 2566
37.816374354859626 -116.6429449836078 1 2591
38.36785946173525 -121.45236935649916 1 2594
45.40250180614947 -83.80352434488336 1 2602
32.6087122916553 -74.09510507699042 1 2631
36.85903069207332 -112.86524538630069 1 2665
33.357011937459895 -110.23315636248732 1 2665
42.471978299199975 -81.33356006212054 1 2673
28.106554854638752 -103.05091549012437 1 2682
43.87456137234532 -95.28983431629851 1 2698
41.53612093432901 -116.19383741996329 1 2702
45.99884435588153 -80.56728374396099 1 2712
45.77215684581495 -101.21956913781125 1 2719
42.0054867657919 -95.40725787333527 1 2753
32.973981622823686 -87.3567663164782 1 2793
28.711956769855625 -112.54196101020372 1 2800
39.27423770514298 -82.14958589121235 1 2800
29.848461307051288 -109.33099704734526 1 2806
40.6684348005647 -95.81813404626375 1 2821
35.584499593254804 -78.08271927748783 1 2863
44.72100230439517 -117.74266350119535 1 2883
28.639441118397603 -98.0614208151638 1 2902
28.381008755470102 -119.40967312873316 1 2904
36.762747543684384 -94.08258252847372 1 2908
42.949601358157466 -79.07369009434575 1 2964
30.290713502284383 -104.03465347668576 1 2967
38.27103408694959 -90.67814112066472 1 2982
34.25791366480709 -93.31793095311127 1 3004
45.319486613378324 -117.23009145226004 1 3020
39.53010643360024 -120.14727876871044 1 3025
37.478513637745976 -91.5480680430068 1 3025
40.67206252187597 -76.48208245823889 1 3041
30.89239835158409 -102.06784593802112 1 3047
34.99677908088125 -84.13552752589766 1 3059
30.796536901209937 -119.54534588349783 1 3067
32.6063278416087 -109.8380432365997 1 3072
39.52656666604918 -87.10764076776135 1 3080
27.8173860125033 -119.36823898588608 1 3109
44.40728848743419 -75.11902483838534 1 3113
37.45948499467342 -113.8324434209314 1 3128
41.228127152387586 -80.90266835198778 1 3148
44.06725599907581 -97.58983259671578 1 3203
30.983855162084982 -76.27816405783068 1 3213
35.03993588931452 -100.40388173918639 1 3240
42.90204040781908 -109.91017848014921 1 3242
31.946201681179566 -75.36379448704936 1 3244
35.79567068931644 -117.01612800711835 1 3251
31.59587661545134 -120.75786308745081 1 3252
36.14125143135247 -122.1532458113998 1 3260
33.85282410468375 -101.87255689980887 1 3322
34.56203678772302 -84.79919916033654 1 3341
38.373432109548226 -78.26679418231078 1 3344
37.75119910252366 -114.75514250166454 1 3344
33.76212768609759 -75.08643165990955 1 3346
33.85932259185687 -74.43636090771528 1 3349
29.205014229751423 -87.8177334184409 1 3386
43.25295423195684 -112.26359239308415 1 3387
33.62171906688567 -109.41377066527525 1 3424
37.0674290951976 -81.42107034940614 1 3439
32.85407505876576 -96.96796561778436 1 3473
30.502061920836546 -78.1971640824412 1 3478
32.07859531260184 -113.68541705486149 1 3489
38.36529016196607 -111.00365247665057 1 3493
41.42380347941574 -77.36083213245736 1 3502
45.337974397622546 -79.62009987486981 1 3524
28.70362142536274 -113.57465676713936 1 3531
28.53742161378452 -110.20400435180751 1 3561
45.220027368395094 -113.51936640174087 1 3565
37.03375604002186 -121.15747177899704 1 3583
