44.016047406908214 -81.70407035932263 1 22
37.96569048997254 -102.81228556651809 1 46
42.18909733138837 -96.33703085189256 1 49
28.151781747894436 -112.51081428703257 1 68
37.35384354600121 -92.80015524314022 1 105
34.180505774739856 -117.18525330320848 1 120
30.99094542799733 -100.36318479040229 1 222
35.33973816829888 -108.04028546089131 1 224
33.819211501956765 -112.97513802323815 1 243
40.4091192602364 -120.89774040244845 1 246
36.099088477992204 -107.38947311983499 1 376
42.06116719424248 -115.80359007504273 1 379
37.50969966680916 -111.49434777477738 1 392
43.61717350924186 -110.54051345272646 1 395
45.65368286688253 -93.86428211967441 1 416
32.570758514124044 -85.87389331945587 1 534
40.54505924911652 -107.06843855019498 1 550
33.59286426755344 -86.9095840605502 1 587
39.14388044261479 -101.16578961101399 1 605
44.97729665529974 -113.63071469300131 1 650
32.26092649358488 -82.97550794775913 1 651
45.81881930161206 -82.77882941503636 1 679
43.51028648961002 -101.24818818669794 1 714
30.167426081539613 -93.83092666964124 1 781
42.050149391497655 -84.86473181931308 1 801
40.072210783783575 -120.25409005708975 1 810
37.83424758063185 -108.70157617856854 1 951
27.947980613190897 -96.5868774771472 1 1051
35.26337687828793 -122.09116002232193 1 1059
44.87762519311454 -97.0423195082225 1 1064
27.9510149414767 -100.58075576403512 1 1097
37.975444928301826 -84.68238605660795 1 1150
33.06801837466455 -96.65642463364148 1 1192
41.83112223674615 -96.00080409464235 1 1209
37.695705559782446 -107.52150666792429 1 1399
45.65110488928979 -118.45430941349727 1 1412
45.245082908451764 -106.82496671484512 1 1478
42.779048581865595 -104.34319132470074 1 1550
30.185531919099503 -74.33143304101971 1 1551
40.08997396749571 -117.61476336849583 1 1554
39.612439295684865 -88.42652790020111 1 1567
34.59893037739058 -115.6696372025122 1 1622
44.890682962777284 -109.70239115074844 1 1648
35.22048154151524 -78.56450774912511 1 1661
32.337003564212935 -80.01680283764674 1 1716
34.3396448330158 -90.48690355642401 1 1770
42.63761682721643 -104.02094215972889 1 1896
42.386524749510656 -86.0202421165913 1 1897
40.58302381957169 -87.48699121353859 1 1908
30.384255149978568 -99.45162834770274 1 1959
31.532750490734415 -122.20439737740557 1 1964
44.67872202001464 -83.66336876232607 1 1981
39.56540687550279 -115.69143878853595 1 1998
40.100819210971146 -75.08783530147417 1 2037
41.82669414121147 -113.26081212490399 1 2046
43.355447069726196 -104.22520582140821 1 2084
34.08177247188818 -111.23735535202387 1 2086
28.491275741069703 -109.0841943573268 1 2151
28.482718189666755 -119.95445897701593 1 2212
28.939288711254612 -85.55677620070142 1 2271
28.852984232815963 -117.98714938063154 1 2334
41.33943747897132 -80.50646433397137 1 2353
30.549960536362462 -87.64585156344195 1 2394
42.84777335143086 -98.39941472859665 1 2416
37.27490084164072 -105.8366397525686 1 2428
38.089869484912214 -93.91073284458157 1 2465
37.61583583599921 -113.71774781859135 1 2480
36.68794439056956 -115.13555148769922 1 2506
43.922164937734934 -120.60902424984579 1 2529
35.37467486068775 -86.31965641064016 1 2562
43.74912990796575 -99.01732822037863 1 2587
30.764848879766394 -110.84959434549413 1 2594
42.769914718555 -95.58244884873659 1 2616
37.077311892495636 -111.80435393559716 1 2640
43.37272932052656 -105.09148272159722 1 2676
39.855169351131 -90.86144728591266 1 2686
46.090059987853465 -78.50047030452946 1 2712
32.9937932426152 -111.13006375447901 1 2720
37.40249170447742 -118.89730126456642 1 2752
33.46049986722832 -76.36609087855675 1 2763
42.999485413256046 -120.79509885733347 1 2765
39.53774606408487 -114.31317641234426 1 2794
33.47662310362584 -81.72796250779348 1 2796
35.58023192983124 -97.81526645566798 1 2838
44.13015279359111 -104.95544368631745 1 2958
35.300683742305104 -114.30447901045585 1 3000
29.133409565781204 -89.7782633636867 1 3029
38.4250392633831 -90.05315129205042 1 3062
30.254212617370378 -108.92820612348991 1 3085
40.361089279395856 -78.9899244429296 1 3100
42.51608870275314 -96.08613513902374 1 3154
34.943786760280865 -75.73489671829806 1 3167
45.41372552686346 -111.41221180079395 1 3256
40.061834503124565 -82.77619259108957 1 3257
44.155353874964106 -99.83641816570479 1 3261
38.63373035033114 -89.26577332101465 1 3283
37.7482785423291 -115.12495803728791 1 3333
29.67243696868648 -75.76902845910854 1 3359
29.856843696594296 -119.12222914939802 1 3398
42.07646640803896 -115.51780018085697 1 3403
34.58046080463813 -93.21109610103971 1 3427
45.79794384902458 -108.6968548933332 1 3524
28.20574551335959 -101.17539101690309 1 3578
29.212285169887043 -121.53217961318427 1 3608
28.255333606454816 -112.81320777858288 1 3640
45.49403773240738 -89.14699318172778 1 3640
44.64402086732213 -106.2099238664808 1 3698
35.50763121020471 -117.37212364997436 1 3703
40.8023674738441 -76.10146461253699 1 3705
43.36309659333831 -113.60155161334802 1 3730
39.31811779227511 -93.10782576119752 1 3743
39.082171484986894 -90.65081909263058 1 3805
31.961232000008113 -99.84104207677417 1 3862
28.161799746471115 -100.27837345686987 1 3889
39.556675829946386 -93.07228885486484 1 3897
34.31822150642089 -112.27280601297028 1 3914
28.179568784585467 -105.65938258382495 1 3924
37.05847924090638 -101.45912559927207 1 3966
45.75977175213309 -121.03726004866569 1 4032
37.01884075200126 -82.16048088149803 1 4038
30.692656716680187 -108.03558589609665 1 4084
41.61875921442642 -93.60863144999809 1 4094
45.77267529597977 -109.88801547836798 1 4114
35.63441985860358 -118.73578013194145 1 4117
40.207890121873014 -103.66559466504864 1 4180
39.05267984177244 -98.92637514127478 1 4183
43.84294052556571 -98.79722386700449 1 4189
27.88691904885581 -82.92485399633452 1 4252
32.596976314701514 -121.37636788701978 1 4291
30.542238915499397 -118.02126078068153 1 4359
34.070527127972696 -75.74580566937092 1 4439
33.8809240282786 -77.69321240262357 1 4491
30.67441119879503 -87.42712671969451 1 4498
30.2114456182059 -102.50671436857299 1 4518
41.96517074381764 -108.18950271918007 1 4527
29.83569384042238 -109.568773918163 1 4555
33.60857139122868 -103.74709278708407 1 4569
29.58834801558171 -113.12191229451756 1 4572
36.982859717812495 -105.55193124246651 1 4589
43.12360892462051 -97.2324879892537 1 4615
45.65921849246196 -93.69643506056687 1 4624
28.503016070450094 -75.61987072910182 1 4699
32.369278051969644 -83.03175166016746 1 4728
35.46985395256247 -120.23544387085981 1 4751
37.867457850696205 -93.08923078101961 1 4762
33.61608397137336 -122.22870216225073 1 4785
41.87119625568225 -88.71064396324334 1 4831
33.4581555407421 -119.79734477695517 1 4847
38.31429520976663 -80.80219185402402 1 4910
42.98523287194347 -105.52054966127912 1 5004
35.43831018263427 -121.33769041501611 1 5052
29.147183966227832 -110.53604488421357 1 5105
32.32297043699663 -84.49814003469115 1 5110
38.29381388016225 -77.16532785644162 1 5128
45.297354928262024 -77.21766041288006 1 5223
30.914783377472432 -79.54316700332737 1 5226
43.445193810198546 -78.59528441538703 1 5238
28.790984662924075 -94.69351978921682 1 5320
28.891102685965652 -100.19509269993112 1 5327
37.12055286440743 -111.08205618543728 1 5401
44.51290909144875 -100.36722956197346 1 5404
28.637226978387606 -76.751592842832 1 5529
33.33738467091144 -107.04396982598867 1 5636
30.83955927925822 -98.17383734596427 1 5657
40.745173001957866 -93.27336123687847 1 5658
44.902868826121676 -86.32419598935266 1 5669
45.7830357447679 -91.15026619845304 1 5690
37.31883708163469 -109.10287883233866 1 5702
38.173858304607485 -92.74940052543094 1 5726
36.73544732379225 -97.7313303708408 1 5737
38.84642423826617 -95.07151028183415 1 5861
32.77304357716344 -116.1624653089017 1 5877
33.99433903588364 -116.77516561709919 1 5900
31.54588626527667 -97.03381812978395 1 5902
42.09669878818083 -79.43966207451282 1 5916
31.450473465720947 -75.60810117333442 1 5955
40.01209202305793 -90.36935348237725 1 5961
42.82805380877081 -112.68660212518301 1 6052
35.66436242904017 -89.54002780687622 1 6058
45.047027655131295 -115.40563586422253 1 6096
27.8535934915649 -112.18232923756403 1 6099
31.65550663780834 -114.27981347430591 1 6101
27.585402064769383 -110.41344338448191 1 6135
42.64418304644214 -114.89290946155819 1 6161
29.634267593269534 -85.08301031662198 1 6184
36.61415024023133 -94.68939230156249 1 6189
37.03473278707239 -75.1577094885597 1 6196
43.3854595432971 -77.61645832398659 1 6204
32.41482379064469 -115.21318917842817 1 6227
44.42582003446992 -120.59583919058745 1 6283
37.857292485746115 -103.82627524462774 1 6284
32.04115214642314 -89.39519444401111 1 6292
44.58774546607427 -99.37835128520021 1 6308
39.36555523813247 -120.53390305299185 1 6316
28.534786907864817 -108.83823437002363 1 6333
45.40128265818481 -106.45216717942571 1 6386
43.403598222415525 -77.8645111544399 1 6393
27.64653650583566 -76.62114748593967 1 6464
45.75082687806742 -115.08455233350621 1 6471
33.10487918141553 -107.52481968623319 1 6567
38.272454411392935 -92.95107090766548 1 6610
32.05193623649852 -108.04942869929467 1 6620
36.72927997541197 -82.82620222039418 1 6808
36.638518805580105 -80.81637600171021 1 6836
41.25296789838974 -90.36555792752523 1 6853
41.25609105866774 -113.64520914765845 1 6857
28.74175322609658 -83.93202868263796 1 6858
34.46877723782933 -100.83408506134539 1 6879
44.645147666602 -76.74557361853797 1 6963
32.353404600450745 -117.53347462135868 1 6991
44.43642026428546 -85.73882392588843 1 7000
32.733237744383004 -98.95545436159223 1 7019
44.369967171681225 -78.54307108679836 1 7046
30.938024241525195 -115.80176551444357 1 7185
39.436094197598976 -114.25501771530367 1 7207
35.26450329169788 -85.83915918595984 1 7221
39.91132304741609 -95.31137744188263 1 7248
29.438095495341607 -107.20920557509451 1 7279
37.5654707715806 -111.73235341076267 1 7338
43.51097319979978 -121.89585108655979 1 7371
31.526842794080693 -78.2301666457258 1 7400
32.64809535526584 -105.71722243322324 1 7451
30.556408062688583 -76.05167866885176 1 7456
43.644498078887736 -80.18042061032087 1 7466
37.87473656470207 -95.3660002316498 1 7514
35.78979332589963 -104.195740801444 1 7538
37.842134852848304 -108.03886717811687 1 7675
41.78730336176593 -118.41973660363122 1 7694
30.92081118855172 -115.19027594998252 1 7725
29.14089218703028 -88.50435663256661 1 7805
27.682144311106782 -109.16476866514473 1 7841
43.412430706622544 -86.50633267112319 1 7891
45.47561399415606 -84.30164384022876 1 7894
42.10298156267325 -120.09036682469814 1 7897
40.510162895072824 -116.59347411183836 1 7917
32.57238510534305 -105.06755593941453 1 7920
36.26315819515621 -75.30933296564386 1 7966
44.77108313123299 -82.70094492770703 1 8050
46.01894541641748 -117.1607428011629 1 8090
28.648272947595583 -105.30445966797068 1 8092
43.326545769112684 -88.3059389023291 1 8104
29.18546877467071 -110.15578097480594 1 8119
31.652669767676247 -107.88546295493384 1 8128
31.487627894567684 -111.88487120142362 1 8178
36.476587688833476 -113.09195905745128 1 8184
29.006033370242225 -84.5379156336494 1 8196
45.60646237664757 -121.57783796884436 1 8216
32.06637709657729 -76.16177544388786 1 8327
40.11359092757313 -90.78135514969559 1 8348
33.63269159160588 -120.94464915488736 1 8353
31.617465073699602 -117.8116188005689 1 8356
42.60976742884659 -115.04110850816646 1 8378
28.410319968521858 -95.39241693463784 1 8403
29.21909638753299 -94.82490473252999 1 8423
33.180207800641455 -103.83306643664153 1 8465
28.0321303768505 -106.6269969702621 1 8489
27.76192873389278 -78.05984880550446 1 8492
