33.30665274324263 -103.94273848939605 1 21
40.36651644513396 -87.8075840516334 1 44
39.9229864745375 -82.2707118844402 1 85
44.53672040184721 -115.39835198679353 1 97
45.462855791084976 -90.96371931561099 1 99
29.511384909162523 -84.60389740554416 1 136
43.21870714023645 -99.62193348535494 1 144
36.784181511646025 -97.66867797373729 1 152
36.42823386003952 -114.92163410364975 1 157
29.07393693162789 -101.41673564529181 1 293
39.14420079004138 -83.55818403225214 1 326
34.68102565787111 -89.53790303802063 1 632
28.475799635957813 -87.02424264141564 1 707
40.31871704285166 -117.29826406871658 1 749
34.12804227767429 -93.40308725203967 1 767
38.4135704400594 -102.56770889521724 1 834
28.450885792015917 -112.69277431540324 1 925
43.96209200792654 -122.1787233848539 1 959
44.01374559879724 -74.26019723101658 1 967
35.13481981382142 -88.28074569923396 1 980
44.16287915433411 -90.51717993236478 1 1062
40.42156083139019 -119.2671758064582 1 1127
34.51488792411846 -119.03400244776894 1 1142
30.70770903126326 -112.47362001765687 1 1144
40.38450743589739 -77.1875696915863 1 1178
42.84577353371401 -108.5080439823166 1 1185
34.77283163300141 -121.35502872211066 1 1254
29.054643697211493 -108.32926572652934 1 1262
41.66305443827684 -90.21316707340297 1 1355
39.72869354959737 -95.9236745226331 1 1366
41.76906892754997 -97.41722124436507 1 1397
32.067737005091814 -85.6950572535035 1 1399
35.93948640371573 -119.37153724802569 1 1427
43.09962173100253 -81.97722606037982 1 1436
36.20315089255851 -74.0409728218166 1 1517
37.89543553130342 -102.35063743820139 1 1560
45.20001133559081 -101.31286338904832 1 1568
29.737167924576138 -88.36814857885717 1 1607
30.652750711521463 -78.63943131335716 1 1617
32.3891324831048 -103.25824794736766 1 1619
29.586755942781775 -89.60460300042504 1 1623
39.80951777840981 -86.3601087345134 1 1651
35.61960083487147 -85.77342331039219 1 1669
34.72685837674559 -110.11565179896398 1 1745
31.695504063328077 -106.4698463763343 1 1810
40.04203592712222 -118.28475379959015 1 1844
28.396972058135674 -89.78017861510392 1 1883
38.15944357933475 -89.25938997942083 1 1939
30.611302734266285 -111.13388646202954 1 1984
44.424676467462106 -89.8270845176927 1 2022
39.70935675691211 -121.99599773962984 1 2034
42.74140946914771 -106.46877102354856 1 2036
38.453226483860384 -95.93291715637145 1 2078
37.92109129338591 -121.60989464267516 1 2086
28.448160137102388 -85.99954649737595 1 2114
40.09554291197847 -90.35522157953744 1 2145
38.28359599389081 -92.06394193457128 1 2153
36.00088347772837 -104.61412071620347 1 2172
34.75578280519399 -75.66594293487196 1 2195
43.884682929080284 -117.44623808150357 1 2239
40.015510367763966 -85.131292741041 1 2277
28.371878205537662 -75.1217874236383 1 2320
43.574784215401166 -109.6171716492149 1 2325
37.22984894176717 -114.36242379743064 1 2353
39.745588504207745 -111.98946191127212 1 2384
29.987541401034548 -82.89135268814584 1 2439
42.21431332283288 -120.1120111801384 1 2447
41.74790402267391 -111.61554077860686 1 2455
44.85659478345978 -83.96048864657675 1 2472
28.443800633512005 -78.54697879825551 1 2558
30.633840439138996 -117.36299062019664 1 2560
40.180244272962 -87.09146127811675 1 2602
33.83160994459617 -88.79782565607152 1 2617
42.95409648841146 -104.33773550189547 1 2622
42.53343315664786 -87.12403521467076 1 2632
35.157726663693346 -74.19011315938548 1 2676
39.6003870439007 -78.01642999547757 1 2677
37.75148906806737 -88.5163056782053 1 2693
30.535889514416315 -92.49998643703688 1 2699
37.04001051727314 -87.82092149995127 1 2709
30.40454512185154 -82.9132795789571 1 2717
42.511796263507236 -110.86717770093223 1 2737
41.705321976136986 -109.75578231375954 1 2745
42.897444646994856 -118.45002337581062 1 2775
30.666204027785604 -85.57990261061211 1 2853
36.70168762941948 -75.67375103391151 1 2863
30.154234363348362 -80.4041814449231 1 2884
40.382661157684275 -110.00088860430724 1 2894
32.94874540141168 -88.96156916263595 1 2917
30.55818318560707 -119.10418918219798 1 2942
41.107933209542814 -112.17617677020303 1 2977
35.685798655558415 -100.08208915809185 1 3002
43.29202485757034 -83.80553111503943 1 3089
29.441227576316596 -82.38739229491208 1 3178
33.64633594346514 -116.38005074698626 1 3357
35.90274502054885 -84.0630940697902 1 3410
44.49394252521812 -87.9348996991204 1 3444
40.253073951528926 -116.28729119761526 1 3453
31.729882933988907 -121.16894061383977 1 3464
35.956697835604444 -90.13591963539923 1 3568
35.3086045204727 -81.11999701136133 1 3632
44.46439080386471 -113.70461483242744 1 3803
38.06202588994441 -81.41565914377017 1 3825
36.499804260751645 -112.05906609757207 1 3866
43.780447372429386 -110.04833960613878 1 3915
28.87339905760468 -105.56546784457487 1 3921
38.8886150863173 -97.93158856430385 1 3926
37.955723302804536 -112.06602874279577 1 3940
42.90419307134354 -115.5642542633405 1 3987
41.72205138646068 -74.9864191735692 1 4010
38.25156310480036 -85.9747278093356 1 4032
28.00551561070885 -85.39140036149416 1 4034
41.46802147738623 -118.61749136656886 1 4048
31.308500793790795 -109.97222950819986 1 4103
38.293318035911525 -119.73763004020473 1 4110
30.115000869877967 -98.5217537233817 1 4164
39.162933527157705 -103.03588834986175 1 4180
43.81245046176714 -121.10549059801454 1 4267
37.79756975337861 -78.31698664850543 1 4389
32.711738343064496 -105.9955611356535 1 4482
45.02937477611238 -110.26349212802872 1 4518
32.40311467429181 -106.02005643025618 1 4518
35.38154045117391 -96.88339938985358 1 4558
40.30952204373253 -92.7395111128583 1 4628
28.476809537266334 -79.15601170438245 1 4674
42.44627105898223 -109.45729781169815 1 4676
45.81872885910992 -113.49913354708362 1 4802
28.585081461893267 -118.9866989639108 1 4854
40.48473226581586 -78.49892266491318 1 4869
45.60579990073642 -96.71549362501811 1 4921
34.26708777780112 -98.29928947924887 1 4946
34.182898654463564 -120.11718324753663 1 4952
28.78294779383856 -100.83888903549497 1 5008
44.21625292202796 -100.72450371454016 1 5011
45.623559291568576 -112.14733042165716 1 5027
36.56548999459845 -113.44211139320967 1 5076
40.655231183058305 -92.34592019042512 1 5094
36.31549622304912 -90.0060398750536 1 5114
34.6736018437346 -85.16403481402179 1 5225
33.461996029778426 -89.06052379522988 1 5236
31.73510119910388 -95.77674483520038 1 5246
31.16162300028938 -90.3678618265665 1 5312
35.83486948842396 -92.37727930335812 1 5323
33.757611364988335 -107.68991059064025 1 5367
40.782030482559044 -109.34062521362111 1 5429
39.42682167461301 -95.03406571139227 1 5440
44.59743560097341 -105.30141528395981 1 5584
29.673445090613015 -121.33844033461466 1 5589
38.11921943945764 -110.80262084345651 1 5592
40.90791716476047 -109.10439526450446 1 5669
32.638364275833524 -94.70904621423006 1 5707
35.271920434248116 -76.809746149218 1 5710
36.82437030440739 -119.28864439646223 1 5734
41.941047581551004 -103.45191340688979 1 5744
36.0108249515535 -96.11480304218891 1 5786
38.41690839033946 -101.58371341803752 1 5787
29.0233831620006 -94.55774849202952 1 5801
44.90437076362153 -93.28142079069104 1 5880
27.591862575427367 -83.63625871953076 1 5904
28.795032315421686 -116.56860063634366 1 5986
39.922060192965475 -77.77414020163755 1 5988
31.29200924018962 -121.50576024822112 1 6002
33.23575878341588 -79.64428424692741 1 6050
41.399101135370294 -108.83206557055416 1 6064
34.57064108955853 -116.56257064994786 1 6066
28.431126851811545 -81.38376585358854 1 6139
30.235316797469476 -75.68751757849958 1 6155
36.065639431457654 -114.90843261011925 1 6179
36.77220756798681 -92.21407012784732 1 6236
28.271769197710583 -107.96010559702904 1 6287
45.85411408131351 -105.56356186013704 1 6287
41.56902734612959 -112.29467234427406 1 6314
34.5703895489827 -100.5358871517412 1 6336
45.138809413041045 -108.90977796881926 1 6387
40.49416156643198 -104.85237562772204 1 6399
36.25403335521486 -117.46308413329527 1 6440
30.427589221118446 -97.62109406901183 1 6503
41.94635569370293 -109.83925131901287 1 6524
27.78159708947875 -75.77033863684156 1 6534
42.076272629839906 -112.3659133950458 1 6582
27.64923645434166 -82.60076089480978 1 6624
41.733870541188026 -108.94698420941151 1 6639
46.03977276491689 -111.24828899537734 1 6717
45.36915859424965 -95.91973564709019 1 6719
30.013980116407705 -90.22358294599684 1 6719
30.44539280183645 -81.32657020901635 1 6725
33.66383597781266 -82.79841694218395 1 6751
37.69696524307092 -117.93871425568729 1 6753
27.821361791119873 -111.65724292026829 1 6792
45.41321347552202 -111.111560842315 1 6841
45.114421214826095 -83.79555002533269 1 6858
45.55083018843922 -102.54598073012197 1 6906
45.67564973223467 -83.55681375447838 1 6938
33.91837835026554 -117.81674123657122 1 7040
28.648239486241316 -80.70163193235383 1 7073
31.088821329745958 -100.53219994042617 1 7121
39.9450554612317 -97.83186393833948 1 7156
35.748445820570325 -121.77608783380943 1 7258
29.997176320825478 -79.29324066336648 1 7271
30.585042198422983 -99.70281705384824 1 7303
36.06934787609022 -76.69870155125633 1 7371
31.315421514368136 -76.30811863468696 1 7398
44.17876132506977 -86.26060522402109 1 7434
44.932235463614035 -78.05221191878839 1 7439
29.148833121370803 -118.87734443107603 1 7453
43.311299431124404 -79.34629694562801 1 7481
35.63609687230484 -118.30026748324173 1 7585
28.531138993769243 -95.32796768858672 1 7616
42.68255383308796 -104.30665445374942 1 7636
30.428680605352387 -102.91569347833007 1 7671
32.84463845726917 -74.72768231340797 1 7717
32.141931665330276 -96.7954071988011 1 7810
45.69408788728517 -81.83506387476524 1 7836
33.36175084764178 -80.92039103393536 1 7865
29.41577246109329 -117.42055189477038 1 7906
30.93817984713352 -79.84317479319589 1 7948
45.761755915511124 -108.59851321441035 1 8002
45.70580524436595 -82.41965151906486 1 8009
37.466454043230335 -109.23568962254379 1 8029
31.166862755001873 -75.6177787729518 1 8051
42.209619803745575 -113.98770075264946 1 8075
44.05348360313947 -82.38330093062555 1 8109
41.780620357186905 -83.85037467909888 1 8115
38.9345854545829 -90.73877830760192 1 8186
37.158090250630934 -105.39331155311467 1 8250
37.4389773268537 -85.32665931636902 1 8339
45.35303335098304 -77.24112953856748 1 8361
29.343951957766205 -87.2105557888426 1 8416
31.888431060663628 -77.48017964800731 1 8459
40.40030241927697 -89.50366420801205 1 8514
45.20869861318714 -114.77891688704325 1 8519
41.89818666995389 -99.93128284607512 1 8576
34.85668075357715 -104.41466788304274 1 8603
34.87860359380818 -89.68550545905093 1 8678
29.881919753303062 -101.39821737818461 1 8709
35.58236531783527 -79.19968078042326 1 8747
44.8584104527913 -95.70506266827873 1 8770
43.16361435377671 -76.81725732573807 1 8861
30.77139345742232 -82.05091725493236 1 8965
41.29135756238006 -105.41801946542415 1 9001
27.636562488616143 -74.31782210568923 1 9035
39.33272245725216 -97.86943742536239 1 9226
38.20308677854028 -89.88654838091915 1 9307
37.38028094143267 -92.64645807481071 1 9390
38.74792183359864 -108.27459203478986 1 9435
31.36060537301238 -118.10723629809445 1 9464
33.326585808611064 -116.0351402959031 1 9465
30.17296691372705 -74.78582606623527 1 9576
34.41389112814106 -102.50521785812853 1 9595
27.67508175163509 -103.05212860736519 1 9612
37.33649831727866 -111.19251633333398 1 9626
32.424216929114785 -107.57846309163655 1 9633
41.36796997572732 -83.33113469751027 1 9676
35.34867345065551 -90.89927322688355 1 9730
29.42349133716818 -94.32759487239542 1 9737
34.49688144271734 -111.08868087918931 1 9746
42.70899677256725 -87.616614305497 1 9770
28.642095514688414 -95.19345595854088 1 9781
