5.9007e-10
5.68968e-10
5.26919e-10
6.42743e-10
6.47437e-10
5.94719e-10
5.798e-10
6.06898e-10
5.86366e-10
6.52942e-10
6.24367e-10
5.86021e-10
5.78967e-10
5.69796e-10
5.80891e-10
5.70036e-10
5.47161e-10
5.92647e-10
6.01497e-10
5.36165e-10
5.79984e-10
5.67355e-10
6.01579e-10
6.54067e-10
5.75801e-10
6.60544e-10
5.79335e-10
5.7453e-10
5.07217e-10
5.64455e-10
5.51226e-10
5.93897e-10
5.95687e-10
5.80911e-10
5.73466e-10
5.43313e-10
6.23185e-10
6.34455e-10
6.68074e-10
6.29575e-10
5.72248e-10
6.42307e-10
5.64238e-10
5.79091e-10
6.46905e-10
5.61534e-10
5.82664e-10
5.57202e-10
6.03739e-10
5.5976e-10
6.31027e-10
5.74275e-10
5.95674e-10
5.56591e-10
5.92598e-10
5.90727e-10
5.49731e-10
6.69051e-10
5.74052e-10
5.79007e-10
5.60159e-10
5.48446e-10
6.11819e-10
6.2627e-10
5.69266e-10
5.65768e-10
6.2639e-10
5.55023e-10
5.7625e-10
6.05092e-10
6.63976e-10
5.9816e-10
6.18448e-10
5.8899e-10
5.4219e-10
5.96822e-10
5.95527e-10
5.62227e-10
6.04226e-10
6.4077e-10
5.99003e-10
5.48427e-10
5.47481e-10
6.09972e-10
5.78201e-10
6.4334e-10
6.31919e-10
6.60743e-10
5.58785e-10
6.15393e-10
5.79445e-10
6.11632e-10
6.04793e-10
5.58234e-10
5.77859e-10
6.45266e-10
6.33612e-10
6.04848e-10
5.46084e-10
5.03327e-10
5.5273e-10
5.03701e-10
5.78912e-10
5.33483e-10
6.39691e-10
5.75694e-10
5.44419e-10
6.01548e-10
5.81178e-10
5.55573e-10
6.29557e-10
5.67889e-10
6.18656e-10
5.63842e-10
5.11172e-10
5.68008e-10
5.76744e-10
5.52258e-10
5.98136e-10
5.47962e-10
5.74837e-10
5.61409e-10
6.35903e-10
5.73141e-10
5.44255e-10
5.09368e-10
5.81242e-10
6.02606e-10
6.04663e-10
5.40693e-10
6.33893e-10
5.67742e-10
6.28153e-10
5.83947e-10
6.16482e-10
5.59822e-10
5.62682e-10
5.91281e-10
5.93267e-10
5.22377e-10
5.14522e-10
5.55718e-10
5.88636e-10
5.21547e-10
5.89424e-10
5.75447e-10
6.14396e-10
6.409e-10
5.5026e-10
6.00045e-10
6.07606e-10
5.94429e-10
6.63394e-10
6.40314e-10
6.24179e-10
5.40635e-10
5.81462e-10
6.10537e-10
6.58704e-10
5.86915e-10
6.05286e-10
5.97622e-10
5.58127e-10
5.55645e-10
6.23374e-10
5.27427e-10
6.05226e-10
6.12334e-10
5.90605e-10
6.61884e-10
5.82713e-10
6.69792e-10
5.86899e-10
5.24149e-10
5.94841e-10
5.75867e-10
6.23981e-10
6.19986e-10
5.92805e-10
5.83606e-10
6.18267e-10
5.80866e-10
5.64506e-10
5.17184e-10
6.01055e-10
5.45952e-10
5.94772e-10
6.19509e-10
5.76672e-10
5.75519e-10
6.19617e-10
6.4703e-10
5.2025e-10
6.36113e-10
5.39116e-10
5.62121e-10
5.49586e-10
5.87621e-10
5.85414e-10
6.17436e-10
5.65664e-10
5.89185e-10
5.93942e-10
5.94181e-10
6.26703e-10
5.09219e-10
5.64845e-10
5.39092e-10
5.45324e-10
5.74686e-10
5.43238e-10
5.623e-10
5.95479e-10
5.80135e-10
5.64382e-10
6.25431e-10
5.79106e-10
5.99699e-10
5.16859e-10
6.0125e-10
5.81104e-10
5.7409e-10
5.63063e-10
5.89016e-10
5.54449e-10
4.78803e-10
5.94167e-10
5.78691e-10
6.46132e-10
5.75882e-10
5.95056e-10
5.43763e-10
6.00453e-10
5.53453e-10
5.84067e-10
5.78643e-10
5.87062e-10
5.69327e-10
6.36886e-10
5.47078e-10
5.93639e-10
5.72748e-10
5.98835e-10
6.04234e-10
6.11396e-10
5.34468e-10
6.37007e-10
6.16622e-10
5.89979e-10
5.60797e-10
6.14048e-10
4.82972e-10
6.7899e-10
5.71532e-10
5.57004e-10
6.17825e-10
5.67969e-10
5.89804e-10
5.77587e-10
5.77232e-10
5.23601e-10
5.37451e-10
4.93606e-10
5.48322e-10
4.85815e-10
4.8414e-10
6.26551e-10
5.83832e-10
5.66117e-10
5.97732e-10
5.97979e-10
5.06256e-10
5.77752e-10
6.07042e-10
5.56307e-10
5.53895e-10
5.8318e-10
6.52533e-10
6.07619e-10
5.4862e-10
5.38832e-10
5.37686e-10
6.15067e-10
6.52636e-10
5.49608e-10
5.86824e-10
5.97636e-10
5.7463e-10
5.58204e-10
6.4301e-10
5.94139e-10
6.11498e-10
6.09713e-10
5.21999e-10
4.52267e-10
6.36547e-10
5.4319e-10
5.68631e-10
5.83608e-10
5.35435e-10
5.41183e-10
6.14574e-10
6.18648e-10
5.97321e-10
5.53762e-10
6.16323e-10
5.85597e-10
5.18663e-10
5.55235e-10
5.50691e-10
5.95625e-10
5.88844e-10
5.8176e-10
6.74367e-10
6.16915e-10
6.1569e-10
6.65877e-10
5.94488e-10
6.09717e-10
5.25525e-10
6.03515e-10
5.5208e-10
5.46552e-10
5.93471e-10
5.692e-10
5.90528e-10
5.78224e-10
5.9121e-10
5.43806e-10
6.00528e-10
6.45032e-10
6.50328e-10
6.12136e-10
6.35444e-10
5.87986e-10
6.2512e-10
5.3817e-10
6.03831e-10
5.40668e-10
5.69988e-10
5.76139e-10
5.04499e-10
5.691e-10
5.19647e-10
5.74566e-10
5.33565e-10
5.99438e-10
5.80488e-10
5.4425e-10
5.9342e-10
5.21339e-10
6.53944e-10
5.98234e-10
5.15262e-10
6.24989e-10
5.86815e-10
6.00257e-10
6.19962e-10
5.74622e-10
6.27289e-10
6.14206e-10
6.20746e-10
6.07087e-10
5.94298e-10
6.11938e-10
5.90294e-10
5.54978e-10
5.99919e-10
6.04278e-10
5.76017e-10
5.33191e-10
5.73974e-10
5.23136e-10
6.24981e-10
5.38871e-10
5.39251e-10
5.09906e-10
6.15547e-10
5.97175e-10
5.91183e-10
5.41613e-10
5.39616e-10
6.29532e-10
6.52292e-10
5.25918e-10
5.78503e-10
6.17358e-10
5.8146e-10
5.69106e-10
5.40192e-10
5.57876e-10
6.06411e-10
5.36283e-10
6.20819e-10
5.52152e-10
6.51249e-10
6.0002e-10
6.10432e-10
5.82994e-10
5.97424e-10
5.62469e-10
5.88226e-10
6.27403e-10
6.59847e-10
4.80435e-10
5.59818e-10
5.66813e-10
6.1192e-10
5.63133e-10
5.96289e-10
5.29593e-10
5.81774e-10
6.33593e-10
5.55935e-10
5.55992e-10
6.04643e-10
5.55289e-10
5.46595e-10
6.01054e-10
6.43832e-10
5.94339e-10
6.17792e-10
5.77035e-10
5.40367e-10
5.87004e-10
5.9095e-10
6.16992e-10
5.50026e-10
5.01507e-10
6.36481e-10
5.97725e-10
5.41189e-10
5.58524e-10
5.95661e-10
5.91441e-10
7.17186e-10
5.66427e-10
5.59706e-10
5.00441e-10
5.90711e-10
5.65222e-10
5.90678e-10
5.34579e-10
6.06085e-10
5.96136e-10
5.75777e-10
5.66907e-10
5.79391e-10
6.12933e-10
6.59851e-10
5.96161e-10
5.53274e-10
6.5164e-10
5.54964e-10
5.26644e-10
5.96009e-10
5.43193e-10
6.01265e-10
5.35329e-10
5.95981e-10
5.82557e-10
5.73482e-10
5.51916e-10
5.55409e-10
5.88295e-10
5.91318e-10
5.54595e-10
6.85434e-10
6.36654e-10
5.71846e-10
6.0602e-10
5.64534e-10
5.72534e-10
5.95543e-10
5.85772e-10
6.00165e-10
5.9283e-10
5.18844e-10
6.03296e-10
5.25015e-10
5.89381e-10
5.48322e-10
5.67866e-10
6.61654e-10
5.57492e-10
5.80166e-10
5.80514e-10
4.81269e-10
5.30195e-10
5.58424e-10
6.20136e-10
5.22215e-10
6.33012e-10
5.89458e-10
5.59591e-10
6.31203e-10
5.54885e-10
6.26908e-10
6.08933e-10
5.49838e-10
6.02006e-10
5.58094e-10
5.6344e-10
5.56533e-10
6.03437e-10
5.63445e-10
6.03365e-10
5.25167e-10
5.13303e-10
5.65637e-10
5.97859e-10
6.50419e-10
6.00515e-10
5.59522e-10
5.60649e-10
5.91317e-10
5.24994e-10
5.26549e-10
5.68462e-10
5.70368e-10
5.9274e-10
4.78214e-10
5.28895e-10
6.17092e-10
5.5746e-10
5.77442e-10
6.34887e-10
5.8e-10
5.47055e-10
5.96852e-10
5.65657e-10
5.75334e-10
6.11408e-10
5.95095e-10
6.21258e-10
5.24061e-10
5.48166e-10
5.84692e-10
5.55906e-10
5.70832e-10
5.62151e-10
5.60933e-10
6.41447e-10
5.35064e-10
5.42481e-10
6.04287e-10
5.6224e-10
5.60913e-10
5.28149e-10
5.32961e-10
5.09875e-10
5.9725e-10
5.32825e-10
5.52459e-10
5.58623e-10
5.66684e-10
6.01683e-10
5.6133e-10
5.77352e-10
6.01114e-10
6.044e-10
5.54938e-10
5.71413e-10
5.394e-10
5.57197e-10
5.79121e-10
5.51271e-10
5.78127e-10
6.20067e-10
5.68582e-10
5.6356e-10
5.96682e-10
4.96189e-10
5.47786e-10
5.32573e-10
5.82812e-10
6.44754e-10
5.7639e-10
6.01727e-10
6.27226e-10
5.72918e-10
5.73288e-10
5.83867e-10
6.28406e-10
5.42291e-10
5.51373e-10
5.79314e-10
5.70661e-10
6.09673e-10
6.26125e-10
6.17554e-10
5.83719e-10
5.71728e-10
5.86123e-10
6.39853e-10
6.0781e-10
5.83018e-10
6.23211e-10
6.11632e-10
5.64471e-10
6.0538e-10
6.38515e-10
5.91031e-10
5.46357e-10
5.66309e-10
5.99797e-10
5.74154e-10
5.41187e-10
5.7662e-10
6.21997e-10
5.77842e-10
5.70456e-10
5.95449e-10
6.02527e-10
6.17339e-10
6.53018e-10
5.76626e-10
6.37943e-10
6.13543e-10
5.71165e-10
5.5842e-10
6.89358e-10
5.67114e-10
5.2635e-10
5.90683e-10
5.45484e-10
5.81605e-10
6.04493e-10
5.73177e-10
5.7692e-10
5.23733e-10
5.6171e-10
5.88182e-10
5.72934e-10
5.43101e-10
5.99868e-10
6.59569e-10
5.52478e-10
5.77829e-10
6.18839e-10
5.43642e-10
5.80959e-10
5.70181e-10
5.56538e-10
6.46385e-10
5.86773e-10
5.30351e-10
5.80138e-10
6.17377e-10
7.00144e-10
5.70313e-10
4.91406e-10
5.71342e-10
4.97223e-10
6.18193e-10
5.4998e-10
5.82556e-10
5.62962e-10
5.87521e-10
5.60279e-10
5.56375e-10
5.16906e-10
5.85099e-10
5.99361e-10
6.19032e-10
6.24617e-10
5.52462e-10
5.85006e-10
5.8744e-10
5.99136e-10
5.71036e-10
5.20005e-10
5.21725e-10
5.87463e-10
5.75001e-10
5.88887e-10
6.10903e-10
5.8485e-10
5.82734e-10
6.07567e-10
5.97673e-10
5.66647e-10
6.00741e-10
5.77157e-10
5.32919e-10
5.88942e-10
5.24162e-10
5.67226e-10
5.53632e-10
5.79811e-10
5.75398e-10
5.55336e-10
6.42951e-10
6.15483e-10
5.35711e-10
5.70728e-10
5.97792e-10
5.32134e-10
5.29114e-10
4.46266e-10
5.4852e-10
5.23795e-10
6.55654e-10
5.86516e-10
5.24339e-10
6.23549e-10
6.30516e-10
5.67227e-10
5.82062e-10
6.00555e-10
5.9805e-10
5.70259e-10
5.97147e-10
5.92186e-10
5.92589e-10
6.1924e-10
5.59359e-10
5.82695e-10
5.47835e-10
5.63551e-10
5.2327e-10
5.22347e-10
5.7e-10
5.69507e-10
5.28312e-10
5.96494e-10
5.46391e-10
6.50101e-10
5.71747e-10
5.28739e-10
5.54366e-10
5.32177e-10
6.78612e-10
6.37746e-10
5.52736e-10
5.88741e-10
5.65055e-10
5.64568e-10
5.92845e-10
6.28921e-10
5.07868e-10
5.99662e-10
5.28185e-10
5.80135e-10
5.82803e-10
5.9766e-10
5.2714e-10
5.93711e-10
5.56551e-10
5.68531e-10
5.70709e-10
5.60323e-10
5.78041e-10
5.05319e-10
6.38947e-10
5.46292e-10
5.38958e-10
5.27272e-10
5.58183e-10
5.87959e-10
5.80405e-10
6.31569e-10
6.29882e-10
6.1459e-10
5.87666e-10
5.26955e-10
5.55843e-10
6.38308e-10
6.6732e-10
6.20181e-10
5.79824e-10
6.49978e-10
5.72267e-10
5.77261e-10
5.78702e-10
5.31166e-10
5.87394e-10
5.61986e-10
5.38344e-10
5.50041e-10
5.97102e-10
6.56676e-10
5.06121e-10
6.35181e-10
5.30766e-10
5.80829e-10
5.96594e-10
5.22362e-10
6.34063e-10
5.26554e-10
5.52284e-10
5.59128e-10
5.45097e-10
6.03393e-10
5.80491e-10
5.45372e-10
5.42304e-10
5.97999e-10
5.35889e-10
5.69414e-10
5.63529e-10
5.99969e-10
5.61647e-10
6.06719e-10
5.73455e-10
6.04357e-10
5.36112e-10
6.46567e-10
5.59598e-10
6.16691e-10
6.01579e-10
5.95258e-10
6.21225e-10
5.47861e-10
5.80337e-10
5.81579e-10
5.36967e-10
6.22831e-10
5.69335e-10
6.37823e-10
6.12214e-10
5.88631e-10
6.02349e-10
5.79595e-10
5.39941e-10
6.12251e-10
5.94733e-10
6.15746e-10
6.00189e-10
5.67342e-10
5.97471e-10
6.70405e-10
5.39807e-10
5.51793e-10
6.10733e-10
5.61236e-10
5.26415e-10
5.63971e-10
6.32173e-10
5.46988e-10
5.87418e-10
5.9693e-10
6.23453e-10
6.14064e-10
4.87156e-10
5.50489e-10
5.68517e-10
6.13243e-10
5.91736e-10
5.97308e-10
5.77105e-10
5.81913e-10
5.31293e-10
5.89767e-10
6.23405e-10
5.55445e-10
5.51734e-10
6.33145e-10
5.82705e-10
6.22928e-10
5.90659e-10
5.58115e-10
6.1775e-10
6.33085e-10
5.86702e-10
5.5167e-10
5.58887e-10
5.60006e-10
5.85257e-10
5.61053e-10
5.71409e-10
5.3214e-10
5.65223e-10
5.96273e-10
5.80019e-10
5.58461e-10
5.91781e-10
5.34333e-10
5.93729e-10
5.60632e-10
5.91919e-10
6.0484e-10
4.77505e-10
5.2292e-10
5.86181e-10
5.88162e-10
6.04814e-10
5.57006e-10
6.13586e-10
4.93101e-10
5.76605e-10
5.65887e-10
5.50536e-10
5.64677e-10
5.55568e-10
5.66009e-10
6.16654e-10
6.41699e-10
6.49885e-10
5.91357e-10
6.20143e-10
6.12612e-10
5.72642e-10
5.9643e-10
6.4553e-10
5.82699e-10
5.51448e-10
6.29781e-10
6.2767e-10
5.91515e-10
5.11652e-10
5.86609e-10
6.21824e-10
6.1405e-10
6.41521e-10
6.14531e-10
6.13098e-10
5.88454e-10
5.79191e-10
5.65193e-10
6.20242e-10
5.27956e-10
5.81218e-10
5.59099e-10
6.24136e-10
6.25143e-10
6.27747e-10
5.71097e-10
5.38105e-10
5.79193e-10
6.26477e-10
5.38158e-10
5.62e-10
5.82031e-10
5.55036e-10
5.56161e-10
5.61378e-10
6.01049e-10
5.11452e-10
5.86215e-10
6.21659e-10
5.38994e-10
5.88457e-10
6.07697e-10
5.88165e-10
5.82692e-10
6.18486e-10
5.72276e-10
5.83686e-10
7.02044e-10
5.90618e-10
6.29646e-10
6.04287e-10
6.25772e-10
6.32172e-10
5.82464e-10
5.65638e-10
5.93912e-10
6.73569e-10
6.33543e-10
5.99654e-10
5.87075e-10
5.65643e-10
5.30949e-10
5.86334e-10
5.53234e-10
5.21893e-10
6.15159e-10
6.00785e-10
5.95201e-10
6.39786e-10
5.67954e-10
5.56466e-10
5.66681e-10
4.8212e-10
5.75842e-10
5.9538e-10
6.14245e-10
5.70111e-10
5.85823e-10
6.01654e-10
6.44467e-10
5.74703e-10
6.41088e-10
5.08098e-10
6.37473e-10
5.14916e-10
6.02991e-10
6.04121e-10
5.35183e-10
5.05337e-10
6.00811e-10
4.84421e-10
5.61089e-10
5.57464e-10
5.80514e-10
6.42184e-10
5.482e-10
5.43799e-10
5.58121e-10
5.31487e-10
5.29576e-10
5.33807e-10
5.86912e-10
5.97126e-10
5.1699e-10
6.0361e-10
5.91236e-10
5.85911e-10
5.99534e-10
5.10278e-10
6.03259e-10
6.01198e-10
5.43595e-10
5.41627e-10
5.45728e-10
6.18014e-10
5.78721e-10
5.42552e-10
5.93743e-10
5.7053e-10
6.45772e-10
5.26783e-10
5.50035e-10
5.66356e-10
5.92975e-10
5.33954e-10
6.26558e-10
5.21272e-10
5.48749e-10
5.29012e-10
6.02245e-10
5.27397e-10
5.58015e-10
5.36422e-10
5.91331e-10
6.20984e-10
6.11335e-10
5.77815e-10
5.26695e-10
6.20308e-10
5.82299e-10
5.74575e-10
5.83177e-10
5.74089e-10
6.19576e-10
5.98374e-10
5.48286e-10
5.98686e-10
5.15515e-10
6.70598e-10
5.5766e-10
5.71926e-10
5.53998e-10
5.77368e-10
5.8704e-10
5.47298e-10
5.36773e-10
6.59021e-10
6.21083e-10
6.12515e-10
5.28139e-10
5.82791e-10
6.70227e-10
5.46505e-10
5.4251e-10
5.63035e-10
5.39003e-10
5.28488e-10
5.73959e-10
5.14448e-10
6.34361e-10
6.34257e-10
5.60943e-10
6.51772e-10
5.24014e-10
6.4832e-10
5.88965e-10
6.30999e-10
5.99884e-10
5.72417e-10
5.23682e-10
5.30339e-10
5.62217e-10
5.25218e-10
5.97743e-10
5.44806e-10
5.73826e-10
5.35292e-10
6.85446e-10
5.62503e-10
6.29113e-10
6.03699e-10
5.82012e-10
5.90065e-10
5.36738e-10
5.91504e-10
5.08915e-10
5.90165e-10
5.29648e-10
5.20899e-10
5.67113e-10
5.83875e-10
5.6116e-10
5.31493e-10
6.3912e-10
5.603e-10
6.22551e-10
5.52649e-10
5.647e-10
5.93904e-10
5.57552e-10
5.82332e-10
5.29237e-10
5.9597e-10
5.62417e-10
5.69114e-10
6.1957e-10
5.36539e-10
6.62469e-10
5.38387e-10
5.87111e-10
5.45192e-10
5.3744e-10
5.85731e-10
5.65391e-10
5.32642e-10
5.59123e-10
5.61668e-10
5.52838e-10
6.01253e-10
5.7203e-10
5.77305e-10
6.72168e-10
5.6704e-10
5.7766e-10
5.83794e-10
5.73567e-10
5.60673e-10
5.9065e-10
6.01274e-10
6.08814e-10
5.3605e-10
5.72705e-10
5.79777e-10
6.00157e-10
5.49187e-10
5.52277e-10
6.62983e-10
6.80041e-10
5.65984e-10
6.04115e-10
5.80431e-10
5.86648e-10
5.20782e-10
5.49826e-10
5.6981e-10
6.26145e-10
5.93495e-10
5.90027e-10
6.13481e-10
5.80592e-10
6.21022e-10
5.88206e-10
5.91215e-10
6.23614e-10
5.31123e-10
5.44088e-10
6.32713e-10
5.45944e-10
5.51975e-10
6.1622e-10
5.78214e-10
5.27806e-10
4.97429e-10
5.81132e-10
4.91894e-10
5.66588e-10
5.92977e-10
5.60412e-10
5.25412e-10
5.58287e-10
5.76136e-10
5.62029e-10
6.0036e-10
5.58598e-10
6.2211e-10
5.5543e-10
6.62069e-10
6.01902e-10
6.40833e-10
5.8863e-10
4.81518e-10
5.73061e-10
5.92764e-10
6.06136e-10
5.54332e-10
6.01326e-10
5.75014e-10
5.51541e-10
6.19484e-10
6.0625e-10
5.85364e-10
5.53516e-10
5.39498e-10
5.40398e-10
5.28594e-10
5.55228e-10
5.30977e-10
5.35904e-10
6.25751e-10
6.20399e-10
5.30916e-10
5.46788e-10
5.97769e-10
6.27941e-10
6.16865e-10
6.1951e-10
5.38555e-10
6.20862e-10
6.3194e-10
5.62671e-10
5.77502e-10
5.68757e-10
5.64351e-10
5.69509e-10
5.73127e-10
5.82857e-10
5.76368e-10
5.79804e-10
6.22416e-10
5.8766e-10
5.56825e-10
6.12465e-10
5.57949e-10
6.15313e-10
6.18669e-10
5.92795e-10
5.43137e-10
4.85639e-10
5.49163e-10
5.83355e-10
6.0411e-10
5.83151e-10
5.685e-10
6.54911e-10
6.36968e-10
5.52848e-10
5.68461e-10
5.94296e-10
5.45815e-10
6.20214e-10
5.18243e-10
6.22843e-10
5.47676e-10
6.08417e-10
6.29538e-10
5.99595e-10
6.07989e-10
5.64891e-10
6.2887e-10
6.33857e-10
5.91416e-10
5.35266e-10
5.7965e-10
5.35288e-10
5.23475e-10
5.89476e-10
5.80305e-10
5.79717e-10
5.74574e-10
5.65427e-10
5.68511e-10
5.61591e-10
5.88182e-10
5.28668e-10
5.90645e-10
5.50237e-10
5.6518e-10
5.38152e-10
5.70495e-10
6.22635e-10
6.4225e-10
5.5725e-10
5.71412e-10
5.47421e-10
5.30316e-10
5.53247e-10
5.46861e-10
6.063e-10
5.43728e-10
6.29068e-10
6.06863e-10
5.59131e-10
5.10403e-10
5.96887e-10
6.16274e-10
5.39279e-10
5.56119e-10
6.42527e-10
6.25777e-10
6.02884e-10
5.34604e-10
5.96478e-10
6.07681e-10
5.43142e-10
5.80362e-10
6.07908e-10
5.84572e-10
6.23097e-10
5.84604e-10
5.92807e-10
5.42748e-10
5.9961e-10
6.01823e-10
5.50913e-10
6.41547e-10
5.8518e-10
5.78254e-10
5.96189e-10
5.22071e-10
5.42591e-10
5.52653e-10
6.13233e-10
5.84706e-10
6.0726e-10
5.73004e-10
6.01106e-10
5.60469e-10
5.84755e-10
5.66276e-10
6.36491e-10
5.86826e-10
5.16597e-10
5.93908e-10
6.08835e-10
5.73045e-10
6.06844e-10
6.23644e-10
6.39791e-10
6.45075e-10
5.585e-10
5.92453e-10
5.96542e-10
5.36746e-10
5.49319e-10
5.77328e-10
5.93853e-10
4.72852e-10
5.57277e-10
6.1243e-10
5.94031e-10
5.66039e-10
5.8753e-10
6.07768e-10
5.51783e-10
5.77755e-10
6.08228e-10
6.06337e-10
5.5512e-10
6.36553e-10
6.32389e-10
6.0455e-10
5.63917e-10
5.85418e-10
6.08344e-10
5.90673e-10
5.43131e-10
5.20555e-10
5.09786e-10
5.36152e-10
6.08115e-10
5.95962e-10
5.4457e-10
6.48435e-10
6.26726e-10
6.26981e-10
5.55555e-10
6.27727e-10
5.54311e-10
6.0153e-10
5.38065e-10
5.71165e-10
5.69559e-10
5.18765e-10
6.04241e-10
5.23972e-10
5.64128e-10
6.12993e-10
5.44618e-10
5.66415e-10
5.93082e-10
5.35126e-10
6.16836e-10
5.9293e-10
5.63132e-10
5.83264e-10
5.48511e-10
6.1536e-10
5.7561e-10
5.61111e-10
5.96964e-10
6.44814e-10
5.29842e-10
5.58344e-10
5.41995e-10
5.97519e-10
5.64485e-10
5.89746e-10
6.28172e-10
5.95666e-10
6.17166e-10
6.05225e-10
5.58723e-10
4.86408e-10
5.95878e-10
5.34493e-10
6.68048e-10
5.48253e-10
5.46028e-10
5.81809e-10
5.97173e-10
5.63979e-10
6.21391e-10
5.57132e-10
5.96771e-10
5.95708e-10
5.69237e-10
6.18912e-10
5.46852e-10
4.92813e-10
5.13203e-10
5.9783e-10
6.25762e-10
5.39742e-10
5.15162e-10
5.79052e-10
5.582e-10
5.89987e-10
6.43853e-10
5.7131e-10
5.63922e-10
5.45522e-10
6.04204e-10
5.67618e-10
5.84398e-10
5.97183e-10
6.07461e-10
6.20002e-10
6.02177e-10
6.46181e-10
5.52786e-10
6.23552e-10
6.40933e-10
6.42448e-10
5.03977e-10
5.99268e-10
5.85535e-10
6.3937e-10
5.57916e-10
6.32448e-10
5.70413e-10
5.21549e-10
5.90785e-10
5.77768e-10
6.11218e-10
5.54337e-10
5.86313e-10
6.01659e-10
5.89584e-10
6.00492e-10
5.98977e-10
5.33893e-10
5.59358e-10
6.31785e-10
5.46129e-10
5.36674e-10
5.62411e-10
5.32571e-10
4.98027e-10
5.42974e-10
5.99553e-10
5.23785e-10
5.88089e-10
5.8078e-10
4.54256e-10
6.02904e-10
6.33067e-10
5.74667e-10
5.50664e-10
5.71724e-10
5.07342e-10
5.85186e-10
5.48964e-10
6.02944e-10
5.68927e-10
5.87896e-10
6.18418e-10
5.86669e-10
6.13066e-10
6.39289e-10
5.92209e-10
5.71372e-10
6.04516e-10
6.21619e-10
5.97721e-10
5.99522e-10
6.59304e-10
5.59796e-10
6.17578e-10
6.1221e-10
5.984e-10
5.6659e-10
5.42507e-10
6.01865e-10
5.80666e-10
5.66533e-10
5.14201e-10
6.07903e-10
5.47409e-10
5.77372e-10
5.85638e-10
5.44249e-10
4.99938e-10
6.12372e-10
5.12132e-10
5.77141e-10
5.12848e-10
4.99024e-10
5.88466e-10
5.27839e-10
5.17564e-10
5.15638e-10
5.35073e-10
6.24694e-10
6.47286e-10
5.94227e-10
5.07991e-10
5.7412e-10
6.37928e-10
5.87054e-10
6.09318e-10
5.66466e-10
6.39575e-10
6.52514e-10
6.1057e-10
5.39786e-10
5.37421e-10
5.86131e-10
5.65736e-10
5.88648e-10
5.51478e-10
5.70277e-10
6.11052e-10
5.39959e-10
6.23035e-10
4.72176e-10
6.42432e-10
6.15259e-10
4.99801e-10
5.73229e-10
5.39803e-10
5.98856e-10
6.29272e-10
5.64775e-10
6.47268e-10
6.4791e-10
5.84143e-10
5.47879e-10
5.60709e-10
5.69455e-10
6.30346e-10
5.59343e-10
5.912e-10
5.61906e-10
5.8391e-10
5.88258e-10
5.59545e-10
5.60605e-10
6.07014e-10
6.3597e-10
5.2474e-10
6.06281e-10
5.43329e-10
5.69833e-10
5.98848e-10
5.72742e-10
5.75238e-10
5.96474e-10
5.72075e-10
6.46782e-10
5.75416e-10
5.94888e-10
5.34007e-10
5.9385e-10
5.44518e-10
5.9146e-10
5.94999e-10
6.24322e-10
5.74278e-10
5.74167e-10
5.15343e-10
5.96263e-10
5.9625e-10
5.769e-10
5.82571e-10
5.41786e-10
6.21697e-10
5.70258e-10
5.78105e-10
5.53125e-10
5.18542e-10
5.73764e-10
5.62868e-10
6.12782e-10
6.13281e-10
5.96778e-10
5.70705e-10
6.02036e-10
5.36304e-10
5.43783e-10
6.66606e-10
5.63825e-10
5.0535e-10
5.96994e-10
5.3771e-10
6.00355e-10
5.67662e-10
5.8289e-10
5.58413e-10
6.61591e-10
5.68382e-10
5.34648e-10
5.97288e-10
5.4671e-10
5.34934e-10
5.03318e-10
6.05703e-10
5.92661e-10
5.48356e-10
6.06372e-10
5.40626e-10
6.36005e-10
6.03519e-10
6.17138e-10
5.86354e-10
5.67798e-10
5.2243e-10
5.79632e-10
6.14669e-10
6.13182e-10
6.59195e-10
5.72459e-10
5.15395e-10
5.17324e-10
7.43384e-10
5.67973e-10
5.35033e-10
5.73337e-10
6.37043e-10
5.35471e-10
5.28217e-10
6.04007e-10
5.57981e-10
5.96408e-10
5.34331e-10
5.34207e-10
6.53603e-10
4.98398e-10
5.75541e-10
5.7163e-10
5.77696e-10
5.0182e-10
5.10227e-10
5.72117e-10
6.27731e-10
5.83668e-10
6.069e-10
5.98637e-10
5.31707e-10
5.77502e-10
6.30257e-10
6.28488e-10
5.67697e-10
5.43507e-10
5.59689e-10
5.9391e-10
6.04592e-10
6.17549e-10
5.60066e-10
6.07737e-10
6.11259e-10
6.00381e-10
5.73259e-10
6.23791e-10
5.59635e-10
4.88103e-10
5.08315e-10
6.38415e-10
5.9461e-10
6.09211e-10
6.13623e-10
6.06081e-10
5.5366e-10
5.52134e-10
5.3785e-10
5.52049e-10
5.79905e-10
5.86188e-10
4.70774e-10
5.53711e-10
5.80277e-10
5.71938e-10
5.86536e-10
5.15722e-10
5.23867e-10
6.3583e-10
6.14592e-10
5.52571e-10
6.20078e-10
6.0149e-10
6.04826e-10
6.09505e-10
6.06673e-10
5.55761e-10
6.12576e-10
5.43191e-10
5.84778e-10
6.10815e-10
6.42875e-10
6.14891e-10
5.82187e-10
6.07602e-10
5.69904e-10
6.42304e-10
5.54665e-10
5.88116e-10
5.68536e-10
5.86212e-10
5.08849e-10
5.33007e-10
5.90203e-10
6.11113e-10
5.82972e-10
5.3229e-10
6.16567e-10
6.34848e-10
5.80567e-10
4.79128e-10
5.85727e-10
5.78641e-10
6.05282e-10
5.18377e-10
5.87472e-10
5.87205e-10
6.08476e-10
5.90174e-10
5.5331e-10
6.39137e-10
6.16001e-10
5.52112e-10
6.00499e-10
5.59532e-10
6.13238e-10
5.90795e-10
5.50292e-10
6.26984e-10
5.86117e-10
6.08543e-10
6.21471e-10
6.27948e-10
5.5893e-10
5.93058e-10
6.08748e-10
5.91499e-10
5.09958e-10
5.67643e-10
5.06192e-10
5.99838e-10
5.61013e-10
6.41537e-10
5.76981e-10
6.34151e-10
5.69161e-10
6.11787e-10
6.46411e-10
6.38088e-10
5.4546e-10
5.2024e-10
6.00672e-10
5.44681e-10
5.45764e-10
5.66774e-10
5.79203e-10
6.30988e-10
5.60992e-10
5.57391e-10
6.25069e-10
5.93145e-10
5.47874e-10
4.58409e-10
4.51751e-10
6.03851e-10
5.72079e-10
5.52164e-10
5.65423e-10
5.48037e-10
5.4118e-10
6.06791e-10
5.39021e-10
5.96323e-10
5.69388e-10
5.19855e-10
5.73286e-10
5.94318e-10
5.78767e-10
4.91148e-10
5.24326e-10
5.33121e-10
5.77726e-10
5.49738e-10
5.33593e-10
5.85366e-10
5.15704e-10
5.61657e-10
5.76137e-10
5.83712e-10
5.55516e-10
5.99518e-10
6.46595e-10
5.66909e-10
5.67312e-10
5.32504e-10
5.49836e-10
6.15127e-10
5.87497e-10
5.48186e-10
6.71628e-10
6.65607e-10
5.69126e-10
6.00692e-10
6.31028e-10
5.50956e-10
6.93295e-10
5.69843e-10
6.1934e-10
5.25074e-10
5.5525e-10
6.48778e-10
4.97386e-10
5.86255e-10
5.7958e-10
5.52375e-10
5.79148e-10
5.55081e-10
5.57461e-10
6.07528e-10
5.12299e-10
5.47307e-10
5.32442e-10
6.22028e-10
6.01771e-10
5.94539e-10
6.14907e-10
6.15299e-10
5.75778e-10
5.42326e-10
5.42352e-10
5.93448e-10
6.55037e-10
5.01971e-10
5.72643e-10
5.37455e-10
6.07144e-10
6.52589e-10
6.52454e-10
6.3144e-10
5.72584e-10
5.84474e-10
6.01333e-10
5.59291e-10
5.41084e-10
4.91088e-10
5.18172e-10
5.724e-10
5.93104e-10
5.46338e-10
5.76953e-10
5.77535e-10
6.08976e-10
5.36912e-10
6.0212e-10
5.7808e-10
6.06813e-10
5.70318e-10
5.80474e-10
6.00452e-10
5.60227e-10
5.95409e-10
5.63079e-10
6.29539e-10
6.23901e-10
5.88786e-10
5.73032e-10
5.30269e-10
6.11024e-10
5.84831e-10
5.64714e-10
5.41819e-10
5.6819e-10
5.64366e-10
5.7466e-10
5.64851e-10
5.52663e-10
5.94833e-10
5.5638e-10
5.90676e-10
5.77699e-10
5.21319e-10
5.66725e-10
5.76692e-10
6.07132e-10
6.48808e-10
5.59271e-10
4.77332e-10
5.46515e-10
5.88554e-10
6.45621e-10
6.20476e-10
5.7021e-10
4.91522e-10
5.6691e-10
5.92156e-10
6.37564e-10
6.20634e-10
6.45339e-10
5.75297e-10
6.15428e-10
5.28746e-10
5.67058e-10
6.24579e-10
5.82336e-10
4.89574e-10
6.60031e-10
6.27615e-10
6.38936e-10
5.85878e-10
6.29981e-10
5.39652e-10
6.25684e-10
6.05593e-10
5.43757e-10
5.67801e-10
6.27183e-10
5.40855e-10
5.74699e-10
5.99016e-10
5.27569e-10
5.87611e-10
5.96791e-10
6.07952e-10
6.16727e-10
5.72789e-10
5.90679e-10
5.9403e-10
5.50187e-10
5.26644e-10
5.56397e-10
6.50543e-10
5.25655e-10
6.26271e-10
6.10801e-10
5.75281e-10
5.34631e-10
5.42248e-10
5.91977e-10
5.79359e-10
6.35773e-10
5.84443e-10
5.54812e-10
6.03669e-10
5.97916e-10
6.55882e-10
5.57354e-10
5.83975e-10
6.24274e-10
5.6286e-10
5.72401e-10
5.762e-10
6.27735e-10
5.11568e-10
5.32832e-10
6.31156e-10
6.05208e-10
5.35642e-10
6.15311e-10
4.7577e-10
5.81362e-10
6.07431e-10
5.51242e-10
5.80871e-10
5.65941e-10
6.18877e-10
5.50887e-10
5.78022e-10
5.82507e-10
5.57662e-10
6.05336e-10
5.34958e-10
5.86116e-10
5.51875e-10
5.36814e-10
6.03245e-10
6.86745e-10
6.10126e-10
5.96392e-10
5.53452e-10
5.71896e-10
5.42519e-10
5.86772e-10
6.55298e-10
6.27868e-10
5.44732e-10
5.77773e-10
5.58253e-10
5.81457e-10
6.38208e-10
4.88744e-10
5.92518e-10
5.73878e-10
5.8093e-10
6.16943e-10
5.79162e-10
6.60185e-10
5.9951e-10
5.17139e-10
5.97055e-10
7.11681e-10
6.07878e-10
6.36943e-10
5.75629e-10
5.98181e-10
6.20423e-10
5.84674e-10
5.59665e-10
5.56269e-10
5.86663e-10
6.14788e-10
5.51536e-10
5.76964e-10
4.58014e-10
5.84648e-10
5.75087e-10
6.39835e-10
6.10694e-10
6.04552e-10
5.91286e-10
5.643e-10
6.11067e-10
5.66754e-10
6.2811e-10
5.69773e-10
5.88281e-10
5.50865e-10
7.09633e-10
5.47987e-10
5.95135e-10
6.01268e-10
6.1089e-10
5.02798e-10
5.41152e-10
5.49331e-10
5.82811e-10
5.55275e-10
5.8768e-10
5.32273e-10
5.97023e-10
5.3292e-10
5.82025e-10
4.98516e-10
5.75061e-10
5.36103e-10
5.75686e-10
5.94001e-10
6.03406e-10
5.54916e-10
6.05751e-10
5.35692e-10
5.97466e-10
5.32514e-10
6.28144e-10
5.22707e-10
5.98367e-10
5.63997e-10
5.89985e-10
5.54687e-10
5.32638e-10
6.38925e-10
4.67241e-10
6.13656e-10
5.52385e-10
5.77462e-10
6.08164e-10
5.61871e-10
6.36224e-10
5.47546e-10
6.16753e-10
5.83412e-10
5.82241e-10
4.76803e-10
6.52229e-10
5.68764e-10
5.72939e-10
5.42776e-10
5.55633e-10
5.62028e-10
5.39079e-10
5.8246e-10
5.31229e-10
5.90912e-10
5.33129e-10
5.93598e-10
6.20777e-10
6.06567e-10
5.62583e-10
5.80727e-10
5.11541e-10
5.99793e-10
5.82938e-10
5.64985e-10
6.10728e-10
6.08944e-10
6.23788e-10
6.04739e-10
5.53691e-10
6.71455e-10
5.97039e-10
5.71335e-10
5.58099e-10
6.01576e-10
6.5534e-10
5.6738e-10
5.61989e-10
5.58749e-10
5.89073e-10
5.8492e-10
5.76019e-10
5.59143e-10
6.11777e-10
5.93917e-10
6.48613e-10
5.70623e-10
5.97521e-10
5.77769e-10
6.48319e-10
5.50833e-10
6.03848e-10
5.91609e-10
6.05436e-10
5.70875e-10
5.76973e-10
5.37461e-10
6.23719e-10
5.52813e-10
5.99896e-10
5.37564e-10
5.33371e-10
6.03519e-10
5.76512e-10
5.89807e-10
6.80334e-10
5.4963e-10
5.89182e-10
5.62806e-10
5.96247e-10
6.52901e-10
5.75944e-10
5.62596e-10
6.22143e-10
5.89183e-10
6.35174e-10
5.59905e-10
5.53151e-10
6.18156e-10
5.01648e-10
6.23339e-10
5.97357e-10
6.37934e-10
5.45355e-10
6.38762e-10
5.62928e-10
5.96607e-10
4.88518e-10
5.58582e-10
5.83712e-10
6.2247e-10
5.34882e-10
5.93106e-10
5.47389e-10
5.61501e-10
5.91557e-10
5.57862e-10
5.41376e-10
5.6905e-10
6.10509e-10
6.21688e-10
5.56109e-10
5.81475e-10
6.0298e-10
5.68357e-10
5.58773e-10
6.17284e-10
4.93999e-10
5.38834e-10
5.17892e-10
5.93442e-10
5.63223e-10
6.06163e-10
5.33851e-10
6.1623e-10
5.83814e-10
5.3511e-10
5.96164e-10
5.59925e-10
5.61796e-10
6.48894e-10
5.91735e-10
5.1814e-10
5.71803e-10
5.19171e-10
5.98346e-10
5.6092e-10
5.80557e-10
6.15735e-10
4.99522e-10
5.83962e-10
5.74557e-10
5.68313e-10
6.1176e-10
5.69535e-10
5.17903e-10
5.32267e-10
5.50675e-10
5.92275e-10
5.92642e-10
5.54051e-10
6.05045e-10
6.4886e-10
5.85814e-10
5.7336e-10
5.49161e-10
6.62235e-10
6.18807e-10
6.00474e-10
5.733e-10
6.36933e-10
6.23986e-10
6.03965e-10
5.85594e-10
5.96452e-10
5.78094e-10
5.96463e-10
6.1958e-10
6.82226e-10
6.09749e-10
5.476e-10
5.79936e-10
5.16623e-10
5.91318e-10
5.40506e-10
4.95771e-10
5.2787e-10
5.19427e-10
5.58285e-10
6.01826e-10
5.62958e-10
5.68563e-10
6.45342e-10
5.55449e-10
5.65234e-10
5.32902e-10
5.52238e-10
4.99896e-10
5.84677e-10
6.04297e-10
5.12689e-10
6.14735e-10
6.16366e-10
5.84878e-10
5.98039e-10
5.29199e-10
5.62772e-10
6.23809e-10
5.73477e-10
5.59392e-10
6.31514e-10
5.38196e-10
5.75541e-10
6.13796e-10
6.38338e-10
5.66404e-10
4.87059e-10
5.72924e-10
5.97191e-10
5.7736e-10
5.8093e-10
5.98782e-10
6.33228e-10
5.76677e-10
6.00551e-10
6.37084e-10
6.05695e-10
6.02944e-10
5.77653e-10
6.08853e-10
6.34142e-10
5.4008e-10
6.10782e-10
6.28917e-10
5.94008e-10
6.28095e-10
5.9352e-10
5.60024e-10
6.0325e-10
5.81675e-10
5.99072e-10
5.8854e-10
6.02516e-10
5.80263e-10
5.54622e-10
5.69812e-10
5.44756e-10
5.68175e-10
5.54436e-10
6.1621e-10
6.55922e-10
5.61063e-10
6.20639e-10
6.17603e-10
6.23726e-10
5.60814e-10
5.32003e-10
6.18709e-10
6.31843e-10
5.63616e-10
6.15205e-10
5.58623e-10
6.02044e-10
6.16095e-10
6.27293e-10
6.42916e-10
5.57735e-10
5.14639e-10
6.44751e-10
6.11659e-10
6.48165e-10
6.34266e-10
5.79043e-10
5.79318e-10
5.68272e-10
5.9019e-10
5.67158e-10
5.36816e-10
5.86187e-10
6.04966e-10
5.46117e-10
6.09628e-10
5.79357e-10
5.7004e-10
5.39319e-10
6.50664e-10
5.87933e-10
6.3769e-10
5.7813e-10
6.44104e-10
5.63652e-10
5.95945e-10
5.38713e-10
5.163e-10
6.1746e-10
5.71922e-10
5.89334e-10
5.42262e-10
5.9316e-10
6.33172e-10
5.81204e-10
6.12548e-10
5.99264e-10
5.61837e-10
5.94472e-10
5.30865e-10
5.55902e-10
5.5528e-10
6.68125e-10
5.79303e-10
5.48068e-10
5.7782e-10
5.42038e-10
6.5516e-10
5.52685e-10
6.43858e-10
6.20461e-10
4.78184e-10
5.48297e-10
5.90411e-10
6.01512e-10
5.27045e-10
5.41171e-10
5.60005e-10
6.05278e-10
6.19762e-10
4.82975e-10
5.82764e-10
5.49909e-10
5.15856e-10
5.71489e-10
6.32597e-10
5.69648e-10
6.49496e-10
5.61256e-10
5.5973e-10
5.23196e-10
5.42552e-10
5.36078e-10
6.13574e-10
5.8173e-10
6.23558e-10
5.44314e-10
5.67141e-10
5.57033e-10
5.8366e-10
5.15085e-10
5.95749e-10
5.39748e-10
5.87857e-10
5.2833e-10
6.0456e-10
5.98082e-10
5.88849e-10
5.14793e-10
5.81985e-10
5.96017e-10
5.83074e-10
5.7504e-10
6.33942e-10
5.60586e-10
5.65031e-10
6.93025e-10
5.30487e-10
5.80047e-10
5.41994e-10
6.32161e-10
6.09951e-10
7.1443e-10
5.29485e-10
5.30661e-10
6.05891e-10
5.93875e-10
6.16985e-10
6.63752e-10
6.17404e-10
4.88803e-10
5.55451e-10
6.00147e-10
6.00748e-10
6.51226e-10
5.08684e-10
5.45934e-10
5.38423e-10
5.73593e-10
6.18731e-10
6.43138e-10
5.6315e-10
5.60046e-10
5.31522e-10
5.91661e-10
6.28299e-10
6.18202e-10
5.81801e-10
5.88046e-10
5.74384e-10
5.84997e-10
5.99285e-10
5.19199e-10
5.96986e-10
6.07562e-10
5.69376e-10
6.16045e-10
6.1217e-10
6.18792e-10
5.16654e-10
5.4587e-10
5.45684e-10
5.00201e-10
5.77106e-10
5.57606e-10
5.22362e-10
5.40481e-10
5.66028e-10
5.09917e-10
5.82561e-10
5.99571e-10
5.28719e-10
5.65085e-10
6.17924e-10
6.2617e-10
6.54755e-10
5.58699e-10
6.09054e-10
5.35075e-10
6.07804e-10
5.8331e-10
6.46122e-10
5.62601e-10
6.1799e-10
4.9606e-10
4.98354e-10
5.5531e-10
6.33509e-10
5.69698e-10
5.59399e-10
6.12023e-10
6.20179e-10
6.26241e-10
5.15822e-10
5.34257e-10
6.01463e-10
4.9258e-10
5.64766e-10
6.23605e-10
4.95793e-10
6.28475e-10
5.86526e-10
5.24194e-10
7.00963e-10
5.27122e-10
5.65935e-10
6.08996e-10
5.92971e-10
6.10444e-10
6.25509e-10
5.44873e-10
5.76908e-10
5.84366e-10
6.67789e-10
5.39507e-10
6.23329e-10
6.03307e-10
5.49033e-10
5.73825e-10
5.59744e-10
5.85537e-10
5.57555e-10
5.54418e-10
5.58568e-10
5.49203e-10
6.11195e-10
5.81545e-10
5.37719e-10
6.26855e-10
5.64047e-10
5.99239e-10
5.91651e-10
5.10035e-10
5.58391e-10
5.81703e-10
5.84807e-10
5.92949e-10
5.54791e-10
5.89207e-10
5.96042e-10
5.52689e-10
6.23021e-10
5.90424e-10
5.99177e-10
5.45557e-10
5.56153e-10
5.29048e-10
5.14778e-10
5.73191e-10
5.96896e-10
5.86112e-10
5.75364e-10
5.31992e-10
5.68355e-10
5.14265e-10
5.65833e-10
5.67186e-10
5.09055e-10
5.33756e-10
5.5192e-10
6.07274e-10
5.90118e-10
5.70993e-10
5.52741e-10
6.36174e-10
5.51942e-10
5.54233e-10
5.82805e-10
6.18424e-10
5.84206e-10
6.2042e-10
5.52919e-10
5.92612e-10
5.57445e-10
6.30415e-10
5.1765e-10
5.91746e-10
6.5935e-10
5.39236e-10
6.02678e-10
5.31622e-10
5.26753e-10
5.04808e-10
5.3881e-10
5.17079e-10
5.35549e-10
5.07438e-10
5.43004e-10
5.2517e-10
5.25085e-10
6.14387e-10
5.69519e-10
5.37478e-10
6.0234e-10
4.82726e-10
5.83817e-10
5.53332e-10
5.71191e-10
5.68301e-10
6.30617e-10
5.53212e-10
6.35862e-10
5.75898e-10
5.48963e-10
6.23481e-10
5.5199e-10
6.54525e-10
5.87534e-10
5.01218e-10
5.88348e-10
5.74739e-10
5.64175e-10
6.2818e-10
6.76798e-10
6.08325e-10
5.13012e-10
6.19853e-10
5.43307e-10
5.77034e-10
6.15009e-10
5.13108e-10
6.3484e-10
6.05753e-10
5.5228e-10
6.06313e-10
6.00459e-10
6.66491e-10
6.45274e-10
5.76141e-10
6.40903e-10
5.65618e-10
6.02866e-10
5.77465e-10
6.17292e-10
5.71552e-10
5.72844e-10
6.46479e-10
6.35188e-10
5.70614e-10
5.98196e-10
5.7895e-10
6.37279e-10
5.8315e-10
5.95065e-10
5.91974e-10
5.69534e-10
6.26048e-10
5.55612e-10
5.29441e-10
5.81464e-10
5.17856e-10
5.78815e-10
6.00075e-10
5.22021e-10
5.41313e-10
5.76571e-10
5.32693e-10
6.40135e-10
6.73825e-10
6.22622e-10
5.71116e-10
6.44237e-10
5.41623e-10
5.72532e-10
5.60187e-10
6.5659e-10
5.63278e-10
5.69326e-10
5.88427e-10
5.18195e-10
6.14362e-10
5.66385e-10
5.95183e-10
6.16982e-10
5.67778e-10
5.6125e-10
5.73719e-10
5.98537e-10
5.96199e-10
5.60391e-10
5.85459e-10
6.22997e-10
5.50911e-10
5.57778e-10
5.75213e-10
6.08934e-10
5.47687e-10
5.53043e-10
6.30014e-10
5.58158e-10
5.55217e-10
5.64811e-10
5.7008e-10
6.04556e-10
5.50302e-10
5.26319e-10
6.28452e-10
5.2197e-10
5.38949e-10
5.80288e-10
5.53436e-10
5.81167e-10
5.79783e-10
5.2946e-10
5.76906e-10
6.21394e-10
5.76174e-10
5.75059e-10
5.651e-10
5.96338e-10
5.97059e-10
5.29415e-10
5.86044e-10
6.01776e-10
5.61122e-10
6.11534e-10
5.82359e-10
5.44003e-10
5.49036e-10
5.99555e-10
6.17682e-10
6.12605e-10
5.83714e-10
5.88833e-10
5.54666e-10
5.92266e-10
5.67927e-10
6.04048e-10
5.95445e-10
5.83109e-10
5.51526e-10
5.8133e-10
5.5491e-10
6.15858e-10
6.00751e-10
5.56912e-10
5.78913e-10
5.58366e-10
6.53141e-10
5.54341e-10
5.77379e-10
5.76612e-10
4.61392e-10
5.9408e-10
5.99125e-10
5.98968e-10
5.44705e-10
5.95571e-10
5.77352e-10
6.17374e-10
5.3651e-10
5.63379e-10
5.86673e-10
5.49592e-10
5.61565e-10
5.74688e-10
6.26921e-10
6.4144e-10
5.97684e-10
6.02885e-10
6.01126e-10
5.31978e-10
6.12613e-10
5.20134e-10
5.65024e-10
5.46681e-10
6.12752e-10
5.90639e-10
5.42697e-10
5.98748e-10
6.57662e-10
6.5964e-10
6.58681e-10
6.6361e-10
5.48932e-10
5.31323e-10
6.07026e-10
5.74372e-10
5.32263e-10
6.19926e-10
5.67346e-10
5.74581e-10
6.16356e-10
5.50999e-10
6.17021e-10
5.63198e-10
6.25385e-10
5.47329e-10
6.00293e-10
5.20053e-10
5.88539e-10
6.07231e-10
5.61832e-10
5.80044e-10
5.64034e-10
5.30507e-10
5.87117e-10
6.05659e-10
6.23124e-10
5.83443e-10
5.35647e-10
6.3649e-10
5.79755e-10
6.03483e-10
6.26187e-10
5.84898e-10
6.4011e-10
5.75109e-10
6.01031e-10
6.01484e-10
5.51672e-10
6.19777e-10
5.73187e-10
5.28967e-10
5.53206e-10
5.77246e-10
5.5496e-10
6.43276e-10
5.65403e-10
6.3085e-10
5.74574e-10
6.33833e-10
5.79266e-10
5.45126e-10
6.61561e-10
5.19763e-10
5.73146e-10
6.32462e-10
5.97597e-10
5.85632e-10
6.51212e-10
6.50321e-10
5.68957e-10
5.99736e-10
5.58555e-10
6.33642e-10
5.79705e-10
6.54528e-10
5.38371e-10
5.04982e-10
5.78684e-10
6.20723e-10
5.73639e-10
5.57186e-10
5.70558e-10
5.91911e-10
5.60459e-10
5.7679e-10
5.41666e-10
6.70887e-10
5.25991e-10
6.232e-10
6.5686e-10
5.66925e-10
6.08478e-10
5.77731e-10
5.70413e-10
5.7551e-10
5.68077e-10
5.92883e-10
6.19071e-10
6.0056e-10
5.2648e-10
5.62006e-10
5.1372e-10
5.81224e-10
5.84025e-10
6.16195e-10
5.19393e-10
5.97202e-10
5.84363e-10
5.07698e-10
5.39575e-10
5.33291e-10
5.88181e-10
5.87826e-10
6.07191e-10
5.25316e-10
4.92205e-10
5.36463e-10
5.82133e-10
5.30773e-10
5.45276e-10
5.56054e-10
5.91317e-10
6.03408e-10
6.28962e-10
5.80888e-10
5.68289e-10
6.23445e-10
5.7643e-10
5.70183e-10
5.99173e-10
5.95663e-10
6.0693e-10
5.27617e-10
6.53553e-10
6.01967e-10
6.46627e-10
6.20634e-10
5.57054e-10
6.6592e-10
5.97442e-10
5.55764e-10
5.78203e-10
5.93125e-10
6.09977e-10
5.49376e-10
5.52714e-10
5.56123e-10
5.95842e-10
5.44603e-10
5.4546e-10
5.46372e-10
6.31183e-10
5.4727e-10
5.27223e-10
6.29699e-10
5.80365e-10
6.13221e-10
6.12131e-10
4.76021e-10
6.05219e-10
5.91458e-10
5.9287e-10
5.65557e-10
5.86968e-10
5.50039e-10
5.79382e-10
5.70452e-10
6.02319e-10
6.25621e-10
5.54551e-10
5.75166e-10
6.46651e-10
5.83871e-10
5.91319e-10
5.17753e-10
6.1257e-10
5.70912e-10
6.38645e-10
5.91103e-10
5.33322e-10
5.22881e-10
5.37713e-10
6.35912e-10
6.53403e-10
5.27458e-10
5.11843e-10
6.40846e-10
4.98003e-10
5.96907e-10
5.65633e-10
6.31406e-10
5.94397e-10
5.27063e-10
6.58479e-10
5.71561e-10
5.49863e-10
5.60729e-10
5.91556e-10
5.75221e-10
5.7023e-10
5.41786e-10
5.50972e-10
5.25258e-10
6.03276e-10
5.37341e-10
5.3933e-10
5.65825e-10
5.52956e-10
5.38865e-10
5.78599e-10
6.18733e-10
5.73746e-10
5.28071e-10
6.02815e-10
5.83447e-10
6.1803e-10
6.03512e-10
4.95238e-10
5.33415e-10
6.29105e-10
6.11494e-10
5.93704e-10
6.54367e-10
5.42163e-10
4.9684e-10
5.19333e-10
6.14057e-10
6.06641e-10
5.32809e-10
5.47128e-10
5.55426e-10
6.04948e-10
5.67247e-10
5.05351e-10
6.03285e-10
6.44928e-10
6.06356e-10
5.67279e-10
6.31305e-10
5.80274e-10
5.86082e-10
6.03371e-10
5.3072e-10
5.32666e-10
5.79492e-10
5.52534e-10
6.99784e-10
6.17732e-10
5.73225e-10
6.43221e-10
6.00219e-10
5.78577e-10
5.45246e-10
5.97228e-10
5.09712e-10
6.22887e-10
5.93762e-10
5.48603e-10
5.60113e-10
6.08433e-10
5.88825e-10
5.98552e-10
5.57728e-10
5.25599e-10
5.99994e-10
5.6143e-10
6.8834e-10
5.90807e-10
5.68094e-10
5.82219e-10
5.26322e-10
5.73843e-10
5.85595e-10
5.21522e-10
6.05863e-10
5.8658e-10
5.97481e-10
6.37572e-10
5.73193e-10
5.7435e-10
5.63028e-10
6.13515e-10
6.38678e-10
5.49084e-10
5.62693e-10
6.32213e-10
5.35409e-10
6.06106e-10
5.91204e-10
5.31732e-10
6.19765e-10
5.82671e-10
5.93557e-10
6.02505e-10
5.57936e-10
5.66473e-10
5.79533e-10
5.87499e-10
5.72635e-10
5.67053e-10
6.26524e-10
5.85873e-10
5.94481e-10
5.50573e-10
5.82434e-10
6.37094e-10
5.86979e-10
5.74207e-10
5.87864e-10
5.63992e-10
5.6558e-10
5.26768e-10
5.58429e-10
6.472e-10
6.41534e-10
5.98449e-10
6.10152e-10
5.47302e-10
6.51236e-10
5.11939e-10
5.65552e-10
5.55469e-10
5.77911e-10
5.98746e-10
5.83496e-10
6.20664e-10
5.75782e-10
5.41931e-10
5.53237e-10
5.99053e-10
5.64358e-10
6.60125e-10
5.44093e-10
6.23135e-10
5.29462e-10
5.53884e-10
5.42384e-10
6.09124e-10
6.44016e-10
5.58046e-10
5.86971e-10
5.64314e-10
6.58307e-10
5.75106e-10
6.29599e-10
5.52262e-10
5.66955e-10
5.76181e-10
5.52558e-10
5.82889e-10
5.42724e-10
5.80838e-10
6.30775e-10
5.60908e-10
5.90865e-10
6.21388e-10
6.10282e-10
5.64367e-10
5.37775e-10
5.69186e-10
5.08724e-10
6.18266e-10
5.50552e-10
5.81002e-10
6.05886e-10
5.5173e-10
6.63896e-10
5.7992e-10
5.7495e-10
6.10712e-10
6.27167e-10
5.35265e-10
6.36881e-10
5.36557e-10
6.3408e-10
5.8399e-10
6.04232e-10
5.56505e-10
5.58909e-10
5.88391e-10
5.6338e-10
5.69726e-10
5.67365e-10
4.97294e-10
6.16686e-10
6.19849e-10
6.65946e-10
6.22001e-10
5.32858e-10
5.61674e-10
6.19383e-10
6.00358e-10
6.2382e-10
5.63152e-10
6.48018e-10
6.20194e-10
5.92671e-10
6.25954e-10
5.96131e-10
6.45869e-10
6.29217e-10
5.43524e-10
5.74945e-10
5.89182e-10
5.72736e-10
6.06757e-10
5.3827e-10
6.4652e-10
6.69805e-10
6.38609e-10
5.50854e-10
5.81589e-10
5.14831e-10
5.78278e-10
6.04238e-10
5.42996e-10
5.9038e-10
5.22915e-10
6.12324e-10
5.95002e-10
6.14084e-10
5.91626e-10
5.52485e-10
5.57527e-10
5.92912e-10
5.84637e-10
5.67578e-10
5.83994e-10
6.05824e-10
5.42826e-10
5.99273e-10
5.11542e-10
5.86463e-10
6.4598e-10
5.54482e-10
5.85562e-10
5.23823e-10
5.78769e-10
6.16266e-10
5.09186e-10
5.76024e-10
5.16025e-10
6.08489e-10
5.80423e-10
6.19427e-10
5.7397e-10
6.00126e-10
6.16669e-10
6.4864e-10
5.6729e-10
5.97767e-10
5.68826e-10
6.82789e-10
5.48214e-10
5.65255e-10
5.98568e-10
4.92475e-10
5.9716e-10
5.79501e-10
5.50175e-10
6.0785e-10
6.07167e-10
6.50461e-10
5.72067e-10
5.73588e-10
5.39808e-10
5.63607e-10
6.11439e-10
5.88906e-10
5.64154e-10
5.31173e-10
5.2872e-10
6.9054e-10
5.63897e-10
5.19985e-10
5.24453e-10
6.39871e-10
5.06796e-10
5.49264e-10
6.05487e-10
6.712e-10
5.96196e-10
5.53644e-10
5.58658e-10
5.35739e-10
5.49163e-10
5.91511e-10
6.15945e-10
6.34633e-10
5.70686e-10
6.20948e-10
5.67028e-10
6.01214e-10
5.61439e-10
6.35407e-10
6.05334e-10
5.66351e-10
5.98338e-10
5.96437e-10
5.39611e-10
6.30313e-10
5.67437e-10
6.09429e-10
6.47849e-10
5.88571e-10
5.51782e-10
5.73545e-10
5.65256e-10
6.18641e-10
6.00203e-10
5.72081e-10
5.59471e-10
5.89065e-10
5.26979e-10
5.94633e-10
5.54333e-10
5.75882e-10
5.70007e-10
6.45557e-10
5.55761e-10
5.87953e-10
5.74339e-10
5.54037e-10
5.77761e-10
5.8735e-10
6.08193e-10
5.94846e-10
5.80701e-10
5.12051e-10
5.03878e-10
6.49283e-10
5.27981e-10
5.87516e-10
5.73165e-10
5.60885e-10
5.56819e-10
6.04764e-10
5.90324e-10
5.18906e-10
4.96321e-10
5.41839e-10
5.45819e-10
5.64837e-10
5.43707e-10
5.15213e-10
5.32382e-10
5.91885e-10
5.51784e-10
5.66038e-10
6.30766e-10
5.95288e-10
5.75743e-10
6.02241e-10
5.41416e-10
5.88505e-10
5.78235e-10
5.81271e-10
6.32908e-10
5.8814e-10
5.15635e-10
6.54696e-10
5.94483e-10
5.27473e-10
6.21315e-10
6.03746e-10
5.99796e-10
5.85868e-10
6.10255e-10
5.85962e-10
5.68425e-10
5.55587e-10
5.2823e-10
5.82072e-10
5.69413e-10
5.63816e-10
6.10716e-10
6.08455e-10
6.4918e-10
5.55277e-10
5.63905e-10
4.99005e-10
5.76046e-10
6.11789e-10
5.9667e-10
5.69385e-10
5.88681e-10
6.21691e-10
5.92081e-10
6.04027e-10
5.51638e-10
5.65481e-10
5.67621e-10
5.84739e-10
5.87217e-10
6.28919e-10
5.25098e-10
5.25764e-10
5.64108e-10
5.54773e-10
6.23274e-10
5.66983e-10
5.77117e-10
5.83727e-10
5.58646e-10
4.74977e-10
5.58611e-10
6.20319e-10
5.61937e-10
6.04087e-10
6.11409e-10
5.67973e-10
5.25987e-10
5.24121e-10
6.03655e-10
5.56082e-10
6.16068e-10
6.83896e-10
5.96403e-10
5.88138e-10
5.20923e-10
5.76777e-10
5.44849e-10
5.58767e-10
4.83059e-10
5.71979e-10
5.70021e-10
5.53018e-10
5.49953e-10
6.34318e-10
5.42571e-10
6.01858e-10
5.74289e-10
6.1196e-10
5.95487e-10
5.26417e-10
6.1048e-10
5.54393e-10
6.08626e-10
6.39923e-10
5.25779e-10
6.06761e-10
5.35638e-10
5.89383e-10
6.29381e-10
5.40163e-10
5.86071e-10
5.8553e-10
6.56752e-10
5.71957e-10
5.85532e-10
5.77204e-10
5.72874e-10
5.47847e-10
5.23423e-10
6.16883e-10
6.55126e-10
6.04163e-10
6.1776e-10
5.76751e-10
5.3986e-10
5.99444e-10
6.04011e-10
6.45493e-10
5.82543e-10
6.56461e-10
4.79176e-10
5.61518e-10
5.03304e-10
4.99752e-10
5.49699e-10
5.95484e-10
4.98172e-10
5.67945e-10
5.93786e-10
5.65255e-10
5.55234e-10
6.03471e-10
5.81447e-10
6.48075e-10
6.21093e-10
5.53355e-10
5.6134e-10
4.53605e-10
5.3921e-10
5.79918e-10
5.2598e-10
5.78464e-10
5.07169e-10
5.41037e-10
5.77438e-10
5.15895e-10
6.13843e-10
5.75767e-10
5.9617e-10
5.37198e-10
4.37459e-10
5.61076e-10
5.25614e-10
5.84063e-10
5.0686e-10
6.63128e-10
6.66113e-10
5.16457e-10
5.68516e-10
5.97314e-10
6.93538e-10
5.79283e-10
5.36714e-10
5.83884e-10
5.27719e-10
5.55618e-10
4.9669e-10
5.56427e-10
5.79302e-10
6.28092e-10
6.17019e-10
5.5054e-10
6.42839e-10
5.88807e-10
6.31484e-10
5.7959e-10
6.19234e-10
5.41331e-10
5.66521e-10
5.52502e-10
4.85806e-10
6.60097e-10
5.26459e-10
5.40653e-10
5.42647e-10
5.39586e-10
5.78453e-10
6.1069e-10
5.89639e-10
5.4932e-10
5.32826e-10
6.0751e-10
5.53126e-10
5.19694e-10
5.53166e-10
4.86856e-10
5.63037e-10
5.48454e-10
5.49704e-10
5.62847e-10
6.34492e-10
6.17725e-10
5.28883e-10
6.50568e-10
5.59074e-10
5.94397e-10
5.84031e-10
5.30124e-10
5.86942e-10
5.62989e-10
5.82305e-10
6.07655e-10
5.93824e-10
5.74413e-10
5.64047e-10
5.5468e-10
6.06128e-10
6.22397e-10
5.52005e-10
5.54425e-10
5.69839e-10
5.52299e-10
5.74124e-10
5.53536e-10
6.39369e-10
6.14605e-10
6.12567e-10
6.43651e-10
5.57982e-10
5.43969e-10
5.57316e-10
5.88319e-10
5.8757e-10
6.26337e-10
5.85842e-10
5.77584e-10
5.41695e-10
5.77428e-10
5.68889e-10
5.86296e-10
5.49097e-10
5.24973e-10
5.15934e-10
5.02843e-10
5.9604e-10
5.59855e-10
5.98568e-10
6.35423e-10
6.15441e-10
5.34652e-10
6.26343e-10
5.50343e-10
5.31817e-10
5.04334e-10
5.5237e-10
5.62476e-10
5.74359e-10
6.32565e-10
6.42393e-10
5.39906e-10
6.58862e-10
5.00692e-10
5.69616e-10
5.88759e-10
5.34301e-10
5.79246e-10
5.50144e-10
5.33398e-10
5.53241e-10
6.57163e-10
5.20027e-10
6.03276e-10
5.66558e-10
6.55171e-10
5.51999e-10
5.11672e-10
6.16769e-10
5.75056e-10
6.03149e-10
5.98712e-10
5.53482e-10
5.94962e-10
5.81386e-10
5.66694e-10
5.41337e-10
5.65443e-10
5.67916e-10
6.24529e-10
6.40212e-10
5.71356e-10
6.32751e-10
5.58925e-10
5.35236e-10
5.837e-10
5.44793e-10
6.03972e-10
5.82993e-10
5.36713e-10
5.32e-10
5.98762e-10
6.49067e-10
5.61648e-10
5.98425e-10
5.78491e-10
5.92045e-10
5.9962e-10
5.35371e-10
5.40073e-10
6.10147e-10
6.51243e-10
5.96302e-10
5.30189e-10
5.46479e-10
6.09798e-10
5.8165e-10
