8.48375e-10
6.89029e-10
5.78549e-10
7.99069e-10
6.27819e-10
8.587e-10
8.29513e-10
7.94391e-10
8.10059e-10
7.37028e-10
8.69989e-10
6.17403e-10
7.64892e-10
7.75458e-10
9.42371e-10
7.22082e-10
8.30647e-10
6.93892e-10
7.43355e-10
7.85246e-10
7.37722e-10
7.66127e-10
7.26519e-10
7.9241e-10
8.05154e-10
5.30134e-10
7.53502e-10
7.72917e-10
6.51534e-10
7.30179e-10
8.20648e-10
7.65104e-10
7.03621e-10
7.53611e-10
7.53274e-10
7.9204e-10
6.83397e-10
8.6023e-10
7.97361e-10
7.19213e-10
7.80302e-10
7.38054e-10
9.41798e-10
8.42452e-10
8.50753e-10
9.05232e-10
7.9071e-10
7.14819e-10
5.21705e-10
9.25736e-10
8.3684e-10
8.73557e-10
7.87759e-10
7.304e-10
5.65732e-10
7.45509e-10
8.78817e-10
6.88622e-10
7.3425e-10
6.91604e-10
7.26316e-10
9.74902e-10
6.86087e-10
6.1059e-10
7.1802e-10
6.24305e-10
8.14888e-10
7.44041e-10
8.03279e-10
8.90645e-10
7.48224e-10
6.71102e-10
9.02133e-10
8.09927e-10
8.67165e-10
8.75077e-10
6.63473e-10
7.55248e-10
6.95449e-10
7.8348e-10
7.39244e-10
7.89414e-10
6.46674e-10
7.46795e-10
7.67967e-10
7.76021e-10
7.97416e-10
7.59749e-10
8.02084e-10
6.77737e-10
6.23331e-10
6.33792e-10
9.00111e-10
7.51557e-10
9.43763e-10
6.63801e-10
8.22422e-10
6.44221e-10
7.76823e-10
1.02475e-09
8.49811e-10
7.89506e-10
7.71246e-10
7.46371e-10
8.86205e-10
8.54702e-10
7.72851e-10
7.14374e-10
6.16718e-10
7.80758e-10
7.06283e-10
6.79702e-10
6.86942e-10
7.76146e-10
7.83005e-10
7.29268e-10
8.57672e-10
8.07773e-10
7.18944e-10
7.15216e-10
7.37509e-10
7.58723e-10
7.32545e-10
6.5414e-10
6.90278e-10
7.64555e-10
7.69192e-10
7.09847e-10
7.27813e-10
7.24956e-10
8.18256e-10
6.78645e-10
6.00899e-10
6.41911e-10
8.40125e-10
7.33886e-10
8.86023e-10
7.74097e-10
6.5665e-10
7.32683e-10
6.56328e-10
7.27056e-10
6.81295e-10
7.86105e-10
7.8071e-10
7.51023e-10
5.76733e-10
6.38133e-10
6.34791e-10
9.31893e-10
8.32853e-10
8.79665e-10
9.42513e-10
7.58066e-10
7.10178e-10
6.96913e-10
7.31796e-10
6.18286e-10
8.1935e-10
7.13863e-10
6.87973e-10
7.74364e-10
8.03025e-10
8.90068e-10
7.03103e-10
5.64668e-10
8.51697e-10
6.7374e-10
5.65493e-10
7.3801e-10
8.19051e-10
6.94519e-10
8.13934e-10
6.31653e-10
9.54048e-10
9.0118e-10
7.27871e-10
7.22538e-10
5.92122e-10
7.46377e-10
7.7552e-10
8.01517e-10
7.2163e-10
7.94888e-10
6.9464e-10
7.5654e-10
6.42507e-10
7.28788e-10
8.29676e-10
7.15469e-10
4.44303e-10
8.07768e-10
7.70776e-10
7.75931e-10
8.83974e-10
8.40001e-10
8.87724e-10
6.77775e-10
6.97863e-10
8.20642e-10
7.95895e-10
7.92181e-10
8.65809e-10
7.67283e-10
8.57995e-10
8.12824e-10
6.67614e-10
8.12247e-10
6.40713e-10
6.69007e-10
6.48866e-10
7.74506e-10
8.07687e-10
8.17631e-10
7.42937e-10
8.0085e-10
8.26936e-10
7.15088e-10
7.93093e-10
7.89133e-10
8.34613e-10
8.1626e-10
7.13435e-10
8.67739e-10
8.74497e-10
6.78213e-10
7.64787e-10
6.40471e-10
6.14436e-10
7.62281e-10
7.33719e-10
6.99302e-10
8.45631e-10
6.89532e-10
6.70697e-10
7.23472e-10
6.96798e-10
8.65429e-10
6.95161e-10
8.46207e-10
7.17732e-10
7.94138e-10
7.06182e-10
7.7042e-10
8.09734e-10
8.67023e-10
7.51479e-10
8.39285e-10
7.72066e-10
6.72297e-10
7.82012e-10
7.0061e-10
7.01655e-10
7.84731e-10
7.4065e-10
8.3155e-10
8.57785e-10
7.60987e-10
7.86383e-10
8.23939e-10
7.95619e-10
6.91147e-10
9.13474e-10
6.82661e-10
8.13781e-10
8.7839e-10
7.10103e-10
7.58029e-10
7.75457e-10
8.16153e-10
7.53068e-10
8.05811e-10
8.01423e-10
9.18462e-10
8.57793e-10
8.10576e-10
8.0345e-10
7.14697e-10
6.10116e-10
7.95804e-10
9.15889e-10
5.94099e-10
9.25844e-10
8.34846e-10
8.19358e-10
7.02112e-10
7.55583e-10
7.27321e-10
7.90982e-10
7.15253e-10
8.7882e-10
9.26097e-10
7.18734e-10
7.95768e-10
7.93864e-10
6.04535e-10
7.80001e-10
7.3363e-10
7.16408e-10
7.42556e-10
7.8662e-10
7.50276e-10
8.14976e-10
6.47001e-10
1.0309e-09
7.09315e-10
8.01647e-10
8.73487e-10
8.34653e-10
7.94249e-10
8.29488e-10
7.92421e-10
9.01988e-10
5.70876e-10
7.02165e-10
8.38281e-10
7.16297e-10
7.15432e-10
7.76522e-10
7.32237e-10
6.72641e-10
7.69682e-10
7.45923e-10
6.77615e-10
6.00743e-10
7.00443e-10
7.9487e-10
8.00955e-10
7.37781e-10
9.70479e-10
7.62067e-10
8.581e-10
7.70392e-10
3.9204e-10
6.90845e-10
6.38227e-10
6.48552e-10
8.29349e-10
7.50491e-10
7.61977e-10
8.44648e-10
7.68689e-10
6.89629e-10
7.13346e-10
7.20339e-10
8.65294e-10
6.19898e-10
8.15364e-10
7.44585e-10
7.63363e-10
8.92165e-10
8.38872e-10
7.52167e-10
7.75845e-10
8.33378e-10
7.43831e-10
7.50086e-10
7.63991e-10
8.77597e-10
7.92906e-10
8.19975e-10
8.25563e-10
7.97874e-10
8.57509e-10
8.54962e-10
6.1735e-10
8.49016e-10
6.38879e-10
6.02478e-10
7.1324e-10
7.91985e-10
7.19078e-10
7.62016e-10
8.61907e-10
6.35014e-10
9.54597e-10
8.64603e-10
8.29317e-10
6.42382e-10
6.26004e-10
8.77092e-10
7.63752e-10
6.40261e-10
6.14076e-10
7.67846e-10
8.10737e-10
7.24061e-10
5.11921e-10
6.57377e-10
6.81848e-10
8.41113e-10
8.89735e-10
7.02178e-10
9.01504e-10
7.05354e-10
7.11225e-10
7.40544e-10
7.50021e-10
8.0004e-10
7.49826e-10
6.60252e-10
6.15919e-10
8.46114e-10
7.69235e-10
7.04931e-10
7.96112e-10
8.49429e-10
5.70368e-10
6.29505e-10
7.68398e-10
8.56247e-10
7.60356e-10
7.97432e-10
6.87023e-10
8.98551e-10
8.9081e-10
8.05706e-10
6.63944e-10
7.35108e-10
7.01228e-10
8.08002e-10
7.81781e-10
7.43118e-10
8.55938e-10
7.78197e-10
7.49929e-10
6.80186e-10
8.20178e-10
6.12116e-10
8.71161e-10
7.86273e-10
7.27187e-10
8.17701e-10
7.66767e-10
7.10249e-10
8.77841e-10
6.71728e-10
8.94658e-10
6.56787e-10
7.53129e-10
5.79754e-10
8.28865e-10
7.70014e-10
9.72062e-10
8.59744e-10
7.66536e-10
8.12903e-10
7.36389e-10
6.22382e-10
9.17971e-10
4.12881e-10
6.83149e-10
8.57304e-10
6.75237e-10
6.53824e-10
8.58872e-10
6.90366e-10
8.41406e-10
8.87628e-10
7.99043e-10
7.66061e-10
8.04507e-10
7.69776e-10
7.49945e-10
6.99179e-10
7.9822e-10
8.80652e-10
6.87213e-10
9.01583e-10
8.77377e-10
7.45029e-10
8.56375e-10
3.90996e-10
8.74708e-10
8.67136e-10
7.86212e-10
8.50521e-10
5.85616e-10
6.02059e-10
8.22241e-10
7.62384e-10
8.93932e-10
8.37679e-10
6.26608e-10
7.81563e-10
7.00489e-10
7.92271e-10
6.83489e-10
8.51922e-10
6.81117e-10
7.26659e-10
7.91111e-10
1.06841e-09
8.62184e-10
6.98908e-10
7.09575e-10
6.85538e-10
6.32438e-10
6.96981e-10
9.08633e-10
6.62299e-10
8.23206e-10
7.75692e-10
8.27003e-10
6.74719e-10
7.00582e-10
1.00867e-09
7.33243e-10
7.22036e-10
6.63009e-10
7.10449e-10
8.0441e-10
8.10178e-10
8.42676e-10
6.61108e-10
9.32287e-10
7.00833e-10
7.72745e-10
8.76614e-10
9.56989e-10
7.80246e-10
6.95548e-10
9.11939e-10
8.24447e-10
7.68768e-10
7.43675e-10
7.73988e-10
7.92007e-10
7.15099e-10
8.64675e-10
6.1004e-10
6.36285e-10
6.97692e-10
7.76156e-10
7.80075e-10
7.65512e-10
7.82021e-10
8.167e-10
8.93927e-10
8.24814e-10
8.53314e-10
7.96451e-10
7.97537e-10
7.3489e-10
7.24388e-10
8.05057e-10
8.90118e-10
3.44952e-10
7.44519e-10
8.06932e-10
8.55468e-10
7.46745e-10
7.16929e-10
6.94013e-10
7.18079e-10
7.40897e-10
7.52936e-10
7.20294e-10
6.5971e-10
8.80301e-10
7.84222e-10
6.16652e-10
8.2263e-10
8.29583e-10
7.26143e-10
9.07745e-10
8.28833e-10
6.82793e-10
7.70666e-10
7.79095e-10
6.60839e-10
7.53812e-10
7.92478e-10
7.95489e-10
6.20491e-10
7.14651e-10
8.49064e-10
7.10982e-10
7.35273e-10
7.89643e-10
7.10095e-10
7.48881e-10
8.42843e-10
7.5774e-10
6.60949e-10
8.72616e-10
8.71948e-10
7.27611e-10
8.02409e-10
6.45177e-10
7.72786e-10
9.44336e-10
6.52669e-10
8.95731e-10
6.04217e-10
7.22733e-10
6.37672e-10
7.49963e-10
8.35583e-10
8.69166e-10
7.16872e-10
7.73583e-10
8.60948e-10
8.14908e-10
9.71054e-10
7.18968e-10
7.93378e-10
7.33203e-10
6.72037e-10
8.31019e-10
7.53725e-10
7.02196e-10
8.07451e-10
7.48182e-10
7.05626e-10
6.65757e-10
5.43674e-10
8.74772e-10
9.01583e-10
6.80033e-10
7.73618e-10
5.49066e-10
7.75582e-10
6.95096e-10
8.23867e-10
6.96246e-10
7.59064e-10
7.11356e-10
7.49433e-10
7.78321e-10
6.59438e-10
7.81777e-10
8.48797e-10
7.9482e-10
6.89793e-10
7.97996e-10
7.85151e-10
9.82501e-10
6.44982e-10
8.10169e-10
7.25247e-10
7.26137e-10
6.75841e-10
7.81256e-10
8.11852e-10
6.8864e-10
6.78065e-10
7.67326e-10
8.12595e-10
7.99186e-10
9.06733e-10
9.4285e-10
8.25102e-10
8.92977e-10
7.78551e-10
8.02988e-10
8.40685e-10
7.61423e-10
7.77756e-10
8.15755e-10
7.82004e-10
6.88434e-10
7.19329e-10
7.55496e-10
1.00374e-09
6.71604e-10
6.88078e-10
8.16409e-10
5.71638e-10
8.24157e-10
7.55146e-10
6.85129e-10
7.65221e-10
7.36916e-10
7.54234e-10
6.89995e-10
8.0679e-10
9.92478e-10
7.50154e-10
7.67608e-10
6.73937e-10
8.51944e-10
7.16042e-10
7.33971e-10
8.06405e-10
6.34689e-10
6.78747e-10
8.07722e-10
7.97687e-10
8.16161e-10
8.64923e-10
5.8427e-10
8.15723e-10
8.0454e-10
6.99207e-10
7.19637e-10
6.94413e-10
7.50508e-10
6.08608e-10
3.9834e-10
6.64757e-10
7.3927e-10
6.88149e-10
6.67085e-10
8.52259e-10
7.7457e-10
6.78475e-10
8.95574e-10
8.07883e-10
6.48273e-10
6.96653e-10
7.37249e-10
8.05376e-10
7.78388e-10
7.85785e-10
6.45237e-10
7.82981e-10
6.3429e-10
5.89014e-10
6.97676e-10
6.84727e-10
7.64656e-10
7.38458e-10
7.11705e-10
8.21724e-10
6.64768e-10
6.10002e-10
7.37123e-10
7.46676e-10
8.54732e-10
7.40888e-10
9.15313e-10
6.05469e-10
7.14402e-10
7.58054e-10
5.60453e-10
8.0123e-10
6.50768e-10
6.2447e-10
6.34922e-10
6.44405e-10
8.28654e-10
7.68442e-10
7.80471e-10
6.33527e-10
6.97646e-10
8.34892e-10
8.70554e-10
8.48618e-10
6.59127e-10
6.34634e-10
9.18368e-10
7.54528e-10
8.11615e-10
7.22377e-10
8.81806e-10
7.9998e-10
8.25944e-10
8.78569e-10
7.07823e-10
6.883e-10
7.91217e-10
5.45147e-10
7.73725e-10
8.60235e-10
9.22558e-10
7.68144e-10
8.28476e-10
7.3865e-10
7.14323e-10
7.70981e-10
6.84366e-10
6.4644e-10
1.00202e-09
9.52248e-10
7.91128e-10
7.93017e-10
7.17882e-10
8.15565e-10
1.02541e-09
8.61111e-10
7.81145e-10
7.12168e-10
7.26862e-10
7.45537e-10
6.90255e-10
8.09632e-10
8.46699e-10
7.70418e-10
6.92001e-10
8.75766e-10
7.01674e-10
6.35073e-10
8.10097e-10
1.04414e-09
8.14921e-10
8.32323e-10
7.76753e-10
8.44276e-10
7.33491e-10
6.11322e-10
7.72667e-10
7.0491e-10
7.66488e-10
7.51266e-10
7.92683e-10
7.39672e-10
8.92069e-10
8.48686e-10
7.59458e-10
8.73929e-10
7.92173e-10
7.49844e-10
6.90632e-10
7.47358e-10
7.06639e-10
7.71986e-10
7.73675e-10
7.24761e-10
7.25729e-10
7.26342e-10
7.55128e-10
8.31276e-10
8.03894e-10
7.67366e-10
7.04112e-10
6.27084e-10
7.85182e-10
6.60713e-10
6.52546e-10
8.63944e-10
9.79851e-10
6.57557e-10
7.47577e-10
7.26245e-10
5.56612e-10
7.44114e-10
7.97027e-10
9.46563e-10
7.40974e-10
6.28571e-10
7.65795e-10
6.01279e-10
7.16361e-10
5.81551e-10
7.19918e-10
6.00429e-10
7.5378e-10
7.02111e-10
8.78369e-10
8.54109e-10
6.72762e-10
5.62531e-10
6.89891e-10
7.90939e-10
7.93608e-10
7.09455e-10
8.23237e-10
7.30431e-10
6.87349e-10
8.48833e-10
7.32991e-10
7.61224e-10
8.21075e-10
7.62778e-10
7.81893e-10
8.32992e-10
7.32886e-10
8.50731e-10
6.45398e-10
9.09055e-10
9.61377e-10
9.98083e-10
8.24333e-10
7.33666e-10
7.27591e-10
8.07023e-10
8.80113e-10
7.14195e-10
8.08163e-10
7.29236e-10
6.76015e-10
8.86185e-10
7.40547e-10
7.76096e-10
7.12459e-10
8.55561e-10
7.82052e-10
8.60237e-10
7.71947e-10
7.71372e-10
9.6182e-10
7.13692e-10
7.90617e-10
8.28179e-10
6.9548e-10
6.78838e-10
6.59983e-10
8.68436e-10
8.16514e-10
8.13633e-10
8.35668e-10
7.8809e-10
8.45844e-10
7.05787e-10
7.78664e-10
7.67136e-10
4.08457e-10
7.38598e-10
7.91167e-10
8.30767e-10
8.15225e-10
8.96703e-10
8.23723e-10
7.17223e-10
7.83032e-10
7.34208e-10
7.30059e-10
7.70159e-10
5.88341e-10
7.16943e-10
6.83719e-10
6.9669e-10
6.41682e-10
7.23308e-10
7.11665e-10
7.8637e-10
6.66858e-10
7.78721e-10
7.27596e-10
9.52965e-10
7.68926e-10
5.83553e-10
6.73823e-10
7.15541e-10
7.49039e-10
8.96679e-10
8.97905e-10
7.2676e-10
6.08814e-10
7.58658e-10
7.48927e-10
7.66581e-10
5.76944e-10
8.14651e-10
7.88413e-10
7.744e-10
6.85011e-10
5.14062e-10
7.85574e-10
7.5398e-10
8.424e-10
7.858e-10
6.23796e-10
6.49962e-10
7.61884e-10
5.55242e-10
7.52351e-10
8.25175e-10
6.51933e-10
9.06582e-10
8.56508e-10
7.2706e-10
7.68625e-10
8.80923e-10
7.6619e-10
7.10066e-10
8.77295e-10
6.05209e-10
6.5721e-10
6.51198e-10
7.53317e-10
6.15553e-10
8.10785e-10
8.51986e-10
7.43272e-10
6.91237e-10
7.67947e-10
8.31718e-10
8.85649e-10
7.09357e-10
8.61553e-10
7.7591e-10
6.15631e-10
6.8287e-10
7.47884e-10
5.88734e-10
6.50101e-10
9.03242e-10
8.92293e-10
5.52555e-10
7.15178e-10
8.27758e-10
5.57873e-10
3.73757e-10
7.2489e-10
7.27121e-10
6.87988e-10
7.75052e-10
7.0729e-10
8.37226e-10
8.94318e-10
6.93608e-10
6.78368e-10
5.66882e-10
7.94008e-10
9.94103e-10
7.5688e-10
9.16433e-10
7.11276e-10
7.55415e-10
9.00431e-10
7.76966e-10
7.75973e-10
6.62876e-10
7.58688e-10
8.57439e-10
7.97944e-10
7.10214e-10
8.56562e-10
9.68304e-10
8.47049e-10
7.50292e-10
6.56524e-10
6.97889e-10
9.0857e-10
7.38463e-10
6.62475e-10
7.09076e-10
7.82869e-10
9.31505e-10
6.71934e-10
7.83359e-10
5.87163e-10
8.20734e-10
7.6831e-10
7.05358e-10
7.65173e-10
8.06899e-10
7.18478e-10
7.10985e-10
7.28829e-10
3.28029e-10
6.86302e-10
7.95819e-10
8.50863e-10
7.26327e-10
7.27567e-10
7.78345e-10
7.11706e-10
7.86911e-10
7.44401e-10
8.30865e-10
7.01872e-10
6.81884e-10
7.11766e-10
6.63427e-10
6.54884e-10
7.56026e-10
6.90274e-10
6.70225e-10
7.95918e-10
6.78605e-10
8.17963e-10
7.12781e-10
6.64292e-10
7.48358e-10
7.19611e-10
7.7828e-10
6.23505e-10
6.37853e-10
7.61677e-10
8.08425e-10
7.32602e-10
7.54147e-10
5.43398e-10
8.17116e-10
7.87835e-10
7.77975e-10
7.34781e-10
7.36966e-10
9.05687e-10
7.9136e-10
6.93961e-10
6.85235e-10
7.17049e-10
7.10665e-10
7.63991e-10
7.24105e-10
5.5308e-10
3.48444e-10
7.38374e-10
9.08715e-10
7.71599e-10
8.73707e-10
6.70989e-10
7.81109e-10
7.54359e-10
7.52897e-10
7.70144e-10
8.45091e-10
7.85195e-10
5.43938e-10
6.72445e-10
7.9969e-10
6.64883e-10
8.19413e-10
5.67087e-10
7.51888e-10
7.4718e-10
8.20607e-10
6.0752e-10
8.79878e-10
8.13724e-10
7.93382e-10
6.99547e-10
8.0871e-10
8.67663e-10
6.59465e-10
7.39373e-10
8.14291e-10
7.18375e-10
7.95468e-10
7.86934e-10
7.57651e-10
8.51577e-10
7.61579e-10
5.239e-10
6.88903e-10
7.57954e-10
8.17662e-10
8.66184e-10
8.12981e-10
8.38944e-10
5.87902e-10
6.69225e-10
6.63407e-10
7.69302e-10
8.96567e-10
9.87708e-10
7.22025e-10
8.69085e-10
6.82675e-10
7.45085e-10
7.5314e-10
8.00015e-10
6.23994e-10
9.68203e-10
6.40465e-10
8.97991e-10
6.25007e-10
