0.0,0.00191702,2.4516e-17,0.000649002,0.00116288,0.000785228,0.0
0.0,0.000619442,0.000298134,0.0021956,0.00101861,0.000814138,0.0
0.0,0.00534591,0.00156977,1.44198e-23,0.00037881,0.000907094,0.0
0.0,0.0,0.000398106,0.000837235,0.00119393,0.000777793,0.0
0.0,0.00267008,3.4435e-28,0.000967542,0.00115815,0.000831385,0.0
9.10106e-29,0.0052627,0.00187268,0.00133115,0.000847435,0.000758357,0.0
0.0,0.0,1.95275e-23,0.000640859,0.00118242,0.000817471,0.0
0.000716873,0.0,0.000791772,0.000858869,0.00122941,0.000738457,0.0
0.0,1.35549e-28,0.00112626,5.882e-15,0.000662475,0.000841213,0.0
0.0,0.00192216,0.00194091,0.000533293,0.000847666,0.000798382,0.0
0.00664644,0.0,0.00125719,0.00157824,0.000613447,0.000756817,0.0
0.0,0.00389772,0.00064242,0.00205446,0.000854073,0.000878447,0.0
0.00471136,1.19559e-36,0.00180779,0.000907481,0.00104384,0.000777052,0.0
0.00362114,0.0,0.000375827,0.00151365,0.000352949,0.000841453,0.0
0.00609939,0.00159034,8.3867e-34,0.000527965,0.00126712,0.000716343,0.0
6.19065e-15,0.000555749,0.00051443,0.00119226,0.00112216,0.000855262,0.0
0.00330875,0.00185171,3.8211e-15,1.18461e-16,0.00118896,0.000730583,0.0
0.0,0.000635754,0.00102774,0.00131861,0.000699798,0.000827279,0.0
0.0,0.00146866,0.00120576,0.00102445,0.000849988,0.000805343,0.0
1.6682e-23,0.00183909,1.97349e-05,0.00102081,0.00136723,0.000789914,0.0
0.0,0.00141663,0.00253834,0.00207816,0.000642742,0.000768225,0.0
3.81131e-25,0.0,0.000648845,1.42723e-07,0.000813856,0.000868231,0.0
0.0,0.0,0.00167543,0.000520013,0.000860774,0.000815417,0.0
0.00224195,0.0,1.27407e-23,0.00122345,0.000594966,0.000788707,0.0
4.3321e-37,0.0,0.000611687,0.000748824,0.000973495,0.000805053,0.0
0.0,0.0,0.000921459,0.00159109,0.000670257,0.000872412,0.0
0.0,0.0,0.00127616,0.00102783,0.000666419,0.000819847,0.0
0.0,0.00194506,0.000365374,0.000157599,0.00072459,0.000860734,0.0
0.00981857,0.00160448,8.1324e-35,0.00177056,0.00107629,0.000779694,0.0
0.0,0.000733381,0.000849356,0.00209202,0.00113999,0.000754008,0.0
0.0,0.00220812,1.31515e-23,0.00149366,0.000581568,0.000830459,0.0
0.00679993,1.23416e-23,2.1216e-22,0.00121972,0.000922024,0.000779344,0.0
0.0,0.0,0.000910547,0.00104293,0.00062335,0.000840466,0.0
0.0,3.38981e-31,0.000236607,7.90697e-05,0.0009271,0.000810494,0.0
0.00286732,0.0,0.00264242,0.00204883,0.000827569,0.000790052,0.0
0.00253541,0.000922369,0.00213207,0.00110266,0.000657207,0.000771866,0.0
0.0,3.09031e-40,0.000915714,0.000448362,0.000619318,0.000875688,0.0
0.0,0.0,0.000188151,0.000356326,0.00069038,0.000762069,0.0
0.00515434,0.0,1.79997e-23,0.000931063,0.0014687,0.000781043,0.0
0.00162828,0.00263273,0.00211308,0.000786881,0.000463466,0.000872103,0.0
0.0,0.00260161,0.00195634,0.000845643,0.000722788,0.000835414,0.0
0.0,0.0,0.000759863,1.02864e-08,0.000717213,0.000837005,0.0
0.0,0.00420963,0.000830771,0.000408868,0.00121052,0.00073114,0.0
0.00866561,0.0,0.0010124,0.000610209,0.000854189,0.000804191,0.0
0.0,0.00860806,1.10544e-20,0.00151395,0.000724743,0.000766601,0.0
0.0,0.0,0.000583579,0.000955069,0.000567181,0.00076118,0.0
0.00166718,0.00189119,0.00285358,0.0019509,0.000638944,0.000752459,0.0
0.0,0.00149377,0.00025896,0.000789582,0.0010214,0.000819623,0.0
0.00330052,0.00494349,0.0,0.000810688,0.000839513,0.000895967,0.0
0.0,0.00677888,0.00192853,0.00155959,0.00117164,0.000691259,0.0
0.0,6.43397e-38,0.00133052,0.000857026,0.000896111,0.000768515,0.0
0.0,0.0,0.00196972,0.000428647,0.00103343,0.000766294,0.0
0.0,0.00170349,0.000380542,0.00152723,0.00114789,0.000824182,0.0
0.0,3.93171e-33,0.000113725,0.000959153,0.000484674,0.000846061,0.0
0.0,0.00294393,0.000500812,0.000724227,0.000946575,0.000866722,0.0
1.72396e-23,0.00442985,0.000775009,0.00047138,0.000693965,0.000826384,0.0
0.0,1.01685e-23,0.00138642,0.000756068,0.000877112,0.000791502,0.0
0.0,0.0,0.00209231,0.00132642,0.000466482,0.00088451,0.0
0.0,0.0,0.00145461,0.000583924,0.00167776,0.000779336,0.0
1.35352e-09,0.0,0.00143059,0.00128577,0.000845275,0.000801647,0.0
0.0,0.00119516,1.21165e-09,0.000642377,0.00167465,0.000776208,0.0
0.0,0.0,1.05227e-23,0.00105677,0.00123791,0.000752815,0.0
0.00293974,0.0,0.0022957,0.0016095,0.00107994,0.000791677,0.0
0.0,0.0,0.00392401,0.0006272,0.0011623,0.000834363,0.0
0.00514583,0.0,0.00109111,0.00167305,0.000523984,0.000818652,0.0
0.0,0.00178197,0.000362462,0.0010883,0.000685186,0.000830399,9.695e-25
0.00149511,0.0,0.00118787,9.89668e-06,0.00105487,0.000807758,0.0
0.0025991,1.85854e-23,0.000748247,0.000575609,0.000530256,0.000878374,0.0
0.0,0.0,0.000439991,0.000588076,0.000470721,0.000852835,0.0
0.0,0.0,0.0,0.00124721,0.000938622,0.000753347,0.0
0.0,0.00359556,0.000540139,0.00143007,0.00119836,0.0007404,0.0
0.0,0.000988886,0.0,0.000502754,0.000670838,0.000890266,0.0
0.00485934,0.00380667,1.10024e-12,0.00106501,0.000946417,0.00075543,0.0
0.0031537,0.00290962,3.4838e-07,0.000654178,0.000765754,0.000825782,0.0
0.0,0.0,0.00269787,0.00125019,0.000594396,0.000792635,0.0
0.0,9.29284e-22,0.0,0.000305595,0.000741568,0.000809579,0.0
0.0,0.00180246,0.0021956,0.000621739,0.000733871,0.000864084,0.0
3.09265e-06,0.0,0.0,0.00147865,0.000570318,0.000833364,0.0
0.0,0.00241777,0.000262302,0.00144423,0.000832171,0.000819742,0.0
0.0,3.60869e-19,6.69822e-05,0.0014605,0.00120598,0.000745611,0.0
0.00124435,0.00265057,0.00114974,0.000393715,0.000466924,0.000845038,0.0
0.00804638,0.0,0.00100313,0.000708288,0.000938219,0.000796754,0.0
0.0,0.00117379,3.66533e-19,0.000502632,0.00126607,0.000830596,0.0
0.0,0.00118598,0.0016007,0.000858324,0.00133235,0.000771505,0.0
3.20156e-20,0.00187792,0.00138494,0.000552193,0.000676824,0.000831693,0.0
0.0,0.00145064,4.96678e-36,0.00103752,0.000598698,0.000827064,0.0
0.0,3.92674e-19,0.000352806,0.00173692,0.00100749,0.00077694,0.0
2.60101e-25,1.26091e-23,0.00212181,0.000875986,0.00054834,0.000826032,0.0
0.00556668,0.00121449,0.0,0.000782187,0.000680593,0.000829771,0.0
0.00338416,0.00362024,0.000863132,0.00117297,0.000774517,0.000868016,0.0
0.00550715,0.0,0.000726023,0.000662706,0.00119547,0.000822932,0.0
0.0,0.0,0.00325839,5.35527e-10,0.000655772,0.000872596,0.0
0.0,0.0,0.00121737,0.0010276,0.000908895,0.00078562,0.0
0.0,0.0,0.000808369,0.00242802,0.00108644,0.000738616,0.0
0.00351832,0.00221303,0.00113958,0.000408119,0.000685604,0.000780315,0.0
0.0,0.000656202,3.80136e-39,0.000411408,0.0015342,0.000796711,0.0
0.00221697,0.0,0.0,0.000269133,0.000978884,0.000798965,0.0
0.0,0.0,0.000980519,0.0011995,0.00094966,0.000819682,0.0
0.0,0.00142129,0.00122918,0.000864824,0.00104794,0.000823665,0.0
4.5544e-25,4.95301e-18,0.0,0.00126022,0.000991409,0.000714192,0.0
0.00259748,0.00170315,2.64382e-08,0.000654821,0.000983535,0.000770208,0.0
0.0062897,0.0,0.000652912,0.000938557,0.000948311,0.000759156,0.0
0.0,4.39541e-28,0.000880499,0.00122619,0.000402476,0.000838172,0.0
0.00203685,0.0,0.00243655,0.000469525,0.000593689,0.000854804,0.0
0.0,3.86981e-26,0.00229597,0.00106829,0.00113913,0.000758312,0.0
0.0,9.78668e-08,7.30491e-05,0.00142106,0.00107512,0.000780712,0.0
0.0,0.0060465,0.00018085,0.00129037,0.000765035,0.000847522,0.0
0.00217616,0.000863161,0.00229136,0.000513478,0.000436406,0.000863907,0.0
0.0,3.51768e-40,0.00230612,0.00131436,0.000206297,0.000887047,0.0
0.00329001,0.000360146,0.00224321,0.00123947,0.000898531,0.000780618,0.0
4.65351e-29,0.0018252,2.53898e-09,0.000893016,0.000924196,0.000801648,0.0
3.35602e-17,1.06518e-06,0.0,0.00139089,0.000915489,0.000830343,0.0
0.0098325,2.04325e-13,0.000873633,0.000591503,0.00100767,0.000864831,0.0
0.0,0.00330101,0.00130675,0.00110831,0.000878447,0.000771447,0.0
0.0,0.00233881,0.00173011,1.40067e-20,0.000864619,0.000824788,0.0
0.0,0.0,0.00112179,0.00087547,0.000691397,0.000825269,0.0
1.0947e-05,0.00117601,0.000622031,0.000483813,0.00119875,0.00076174,0.0
0.0,2.48171e-07,0.000692659,0.000118799,0.00102615,0.000818705,0.0
1.7462e-35,0.0,0.000677896,0.000143687,0.000556781,0.00091689,0.0
0.0,0.0,0.00133172,0.00111592,0.00075593,0.000861148,0.0
0.0,0.0,0.000251509,0.000589475,0.00108748,0.00079708,0.0
0.0,0.0,0.000410374,3.03403e-10,0.000886131,0.000856953,0.0
0.0,0.00364725,0.000231455,0.00106416,0.000703588,0.000838637,0.0
0.0,0.00487068,0.00091673,4.61458e-08,0.00117903,0.000831209,0.0
2.09263e-16,0.0,0.00233177,0.000107217,0.00127957,0.000828539,0.0
0.0,1.58836e-20,0.000575439,0.000827211,0.00105435,0.000804703,0.0
0.0,0.0,7.82194e-08,0.000487439,0.0011098,0.000788104,0.0
0.00373229,0.0,9.17035e-24,0.000419366,0.000872006,0.000843473,0.0
0.000106334,0.0,0.000822191,2.0213e-05,0.00127864,0.000839695,0.0
5.17571e-32,0.00110141,0.00110527,0.000814974,0.000716984,0.000833814,0.0
0.00756532,0.00361003,0.00153426,0.000901951,0.000786574,0.000784493,0.0
0.00131847,0.00222029,0.00377567,0.00100076,0.000764118,0.000802455,0.0
0.00260574,4.16976e-29,0.00215948,0.00149663,0.00142874,0.000803271,0.0
0.00873161,0.0017231,0.000646201,0.00104343,0.000762406,0.000848454,0.0
0.0,8.71135e-24,0.0018058,0.00230878,0.000664425,0.000775347,0.0
0.0,2.44044e-24,0.00162549,0.000309444,0.000848921,0.000820433,0.0
1.28741e-34,0.00183138,0.00134041,0.000483542,0.00100076,0.000742976,0.0
0.0,0.0,0.000281878,0.00132768,0.000794696,0.000792772,0.0
1.98741e-34,2.09004e-10,0.00203697,0.000586618,0.00108238,0.000847598,0.0
0.00274402,0.0019421,0.0,0.0011659,0.000522631,0.00080458,0.0
0.0,1.09913e-27,0.00207788,1.48441e-05,0.00111082,0.000846141,0.0
0.0,0.0,0.00166366,0.00141706,0.000950666,0.000795213,0.0
0.0,0.00435417,0.00106451,0.000925359,0.000889023,0.000804259,0.0
0.0,0.00221336,0.00160744,0.00106034,0.000955452,0.000789147,0.0
0.0,0.0,1.06617e-30,0.000467165,0.000302209,0.000879189,0.0
0.00339758,0.00552406,1.87394e-31,0.000594336,0.00136373,0.000752293,0.0
0.00827287,0.0,0.000872416,0.00016953,0.00207176,0.000758314,0.0
2.79402e-11,0.00184475,0.000582898,0.00117633,0.000734995,0.000851623,0.0
0.0,0.0024673,0.000883037,0.000999879,0.000557072,0.000901864,0.0
0.0,0.00293176,3.26218e-05,0.000861701,0.00142818,0.000709963,0.0
0.0,0.000916219,9.51551e-10,0.000515717,0.00129016,0.000779167,0.0
2.96458e-29,1.45969e-23,0.0010698,0.000423819,0.000494798,0.000809423,0.0
0.0,0.0,7.42414e-12,0.000835902,0.00137339,0.000717697,0.0
0.0,0.0,0.0014855,0.00101558,0.000707776,0.000863473,0.0
0.00322645,1.14522e-17,0.000396159,0.000666831,0.00106347,0.000785205,0.0
0.0,0.00106207,0.000859114,0.000577461,0.00134601,0.000772959,0.0
1.48311e-05,0.00197898,0.00332964,0.000712361,0.00141221,0.000795824,0.0
0.0,0.0,0.000962976,0.00242877,0.00091159,0.000830967,0.0
0.00037664,0.00134599,0.00278887,0.00199474,0.0011011,0.000729318,0.0
0.0,0.0021162,0.000828532,0.00200913,0.000742194,0.00081854,0.0
0.0,0.000956873,0.00264662,0.000477018,0.000951252,0.000806356,0.0
0.0,0.0,0.000761152,0.000560449,0.000537009,0.000850717,0.0
0.00574862,0.00230628,0.0,3.26233e-05,0.00125385,0.000757758,0.0
0.0,0.0,0.00150627,0.000568042,0.000980428,0.000728456,0.0
0.0,0.00359107,3.7391e-10,0.00194068,0.000830512,0.000819799,0.0
0.00354204,3.32163e-34,1.76429e-40,0.00126337,0.00117974,0.000835561,0.0
4.23184e-06,2.46507e-07,0.00176764,0.000484654,0.000750211,0.000797866,0.0
0.0,0.0,0.00191674,0.00137539,0.00105715,0.000813938,0.0
1.42172e-23,0.0,0.00131789,0.00246927,0.000925232,0.000832112,0.0
0.00159384,1.21351e-33,0.0,0.00164359,0.00138673,0.000747897,0.0
0.00147493,6.4745e-36,0.000709103,0.000991358,0.000707287,0.000782235,0.0
0.00589699,0.0,0.00198131,0.000275135,0.000612437,0.000884767,0.0
0.0,9.65128e-18,0.00346225,0.000514832,0.000837873,0.000769232,0.0
0.00615393,2.31819e-11,0.00194582,0.000314863,0.000525718,0.000886499,0.0
0.00237636,1.24731e-19,0.00345872,0.000658111,0.00069581,0.000733495,0.0
0.0,0.0,0.00115736,0.000885702,0.000708105,0.000770111,0.0
6.06721e-24,1.102e-09,0.000478854,0.000719217,0.000325813,0.000881414,0.0
0.0,0.00208489,0.0011516,0.000976242,0.000486836,0.000863639,0.0
0.0,0.0,0.00164973,0.00156237,0.000756919,0.000821942,0.0
0.00477746,0.0,1.48683e-38,0.00108469,0.000811906,0.000812428,0.0
0.00214567,6.46246e-05,0.00175061,0.00106733,0.000980192,0.000772666,0.0
0.0,0.000514076,0.0,0.00113609,0.000913217,0.000802403,0.0
0.00287424,0.00179216,0.000646835,0.00156404,0.000592526,0.000817351,0.0
0.0,0.00134393,0.000624262,0.00127507,0.000380789,0.000811079,0.0
0.0,0.00367388,0.00227346,0.00118812,0.000861896,0.000820215,0.0
0.0,0.000511061,0.00183185,0.000673848,0.000520597,0.000853117,0.0
0.012473,7.55841e-28,1.24323e-09,0.00168041,0.000989179,0.000856795,0.0
0.00349051,0.0,0.00204615,0.000650221,0.00100864,0.0007858,0.0
0.00180373,0.00188505,0.000966551,0.00108795,0.00101322,0.00075448,0.0
0.00220493,0.000434717,0.000933469,0.000904037,0.00083051,0.000846846,0.0
0.0,0.00130159,0.00268632,0.000757601,0.0008644,0.000934093,0.0
0.00775539,0.0,1.23057e-16,0.000886313,0.000849306,0.000785715,0.0
0.0,3.82581e-17,0.000377462,0.000365611,0.000521471,0.000861107,0.0
0.0,0.00140068,1.2288e-05,0.00167097,0.00113058,0.000772055,0.0
0.00331742,0.000433046,0.000461805,0.00111536,0.000745766,0.000767139,0.0
0.0,0.00116511,4.94444e-26,0.00153993,0.00105735,0.000742577,0.0
0.00353884,0.0,0.00188462,0.000895595,0.000750818,0.000808906,0.0
1.16172e-23,0.0,1.44804e-05,0.000197103,0.000453264,0.000857048,0.0
0.0,0.000330852,1.49724e-23,0.000672579,0.00118254,0.000810783,0.0
0.00213056,4.92473e-05,0.00122729,0.00143878,0.000792613,0.000817572,0.0
1.1043e-31,0.0,0.00138542,0.00031208,0.00127691,0.000757159,0.0
0.0,0.0,4.60252e-05,0.00185676,0.00127758,0.000755883,0.0
0.0,0.0024272,6.27404e-07,0.000822603,0.000910011,0.000775894,0.0
0.0,0.00195306,8.68891e-24,0.000793883,0.00115694,0.000818083,0.0
0.00350846,0.00251376,0.00109995,0.0012408,0.000578522,0.000757033,0.0
0.0,0.00271931,1.18496e-23,0.000898134,0.000687708,0.000792539,0.0
0.0,0.00196835,0.00168265,6.40238e-05,0.000807407,0.000866513,0.0
0.0,1.40543e-32,0.00231464,0.000393679,0.00093765,0.000802831,0.0
0.0,1.04691e-23,0.00135208,0.000979398,0.00128961,0.00082978,0.0
0.00428088,5.5361e-19,2.49183e-06,0.00121061,0.000480304,0.000849041,0.0
0.00548759,0.00155197,0.00124324,0.000908872,0.000879213,0.000844323,0.0
0.0,1.89315e-29,0.0,0.00118103,0.000933521,0.000841651,0.0
0.0,0.000669326,0.00123194,0.00116331,0.00112289,0.000745329,0.0
0.0,0.0,0.00105975,0.00115534,0.000722469,0.00077274,0.0
0.0,0.00218795,0.00290255,0.000571917,0.00139606,0.000729424,0.0
0.00351472,0.0,0.000779861,0.000902643,0.00111693,0.000727936,0.0
0.0,0.00627252,0.000665476,5.83302e-09,0.000620882,0.000811156,0.0
0.0,0.0,0.0,0.000800148,0.000954673,0.000838098,0.0
0.0,0.0,1.53285e-33,0.00136262,0.00112514,0.000816635,0.0
0.00219461,0.00453421,0.000873393,0.000919949,0.000849318,0.000784894,0.0
0.0,0.00142606,0.000651406,0.000251123,0.000686912,0.000799693,0.0
0.0,0.0,0.000215051,0.000671628,0.00120674,0.000785909,0.0
0.0,0.00392874,0.000808842,0.000966325,0.000601131,0.000820242,0.0
0.0,0.0,0.0018357,0.000610637,0.00107142,0.000761986,0.0
0.0013293,0.0,0.00215632,0.00101994,0.000886432,0.000741221,0.0
0.0,0.00027345,0.000380225,0.00147635,0.000872963,0.000838576,0.0
0.00050714,0.000333118,2.08172e-35,0.00115425,0.000958006,0.000834081,0.0
0.00319677,0.00345435,0.00206824,4.18701e-16,0.00077838,0.000845931,0.0
0.0,0.0,0.00224912,0.000438773,0.000636426,0.000881559,0.0
0.00347827,0.000475653,0.0010283,0.000643847,0.000783696,0.000796639,0.0
0.000687434,0.0030704,0.000477375,0.00137747,0.00108823,0.000795119,0.0
0.0,0.0,8.17653e-27,0.00134956,0.00101126,0.000819393,0.0
0.00629053,0.00118422,3.80716e-40,0.0011886,0.00119613,0.000756843,0.0
0.0,0.0012663,0.0,0.00140181,0.00113513,0.000823811,0.0
0.0,0.000662172,0.000485539,0.000870125,0.00040071,0.00086888,0.0
0.0033631,0.000255979,0.000910306,0.000840418,0.000761439,0.00083429,0.0
0.0,0.0,0.001818,0.00128789,0.00121494,0.000787967,0.0
0.00246515,0.00140179,0.000531314,0.00222257,0.000667378,0.000747948,0.0
0.0,0.00532272,0.00147895,0.000587602,0.000979494,0.000796066,0.0
0.0,5.8237e-05,0.000781056,0.000534186,0.000608423,0.000814031,0.0
0.0,0.00197947,1.86907e-34,0.000585698,0.0015773,0.00076727,0.0
0.0,0.00239741,1.62775e-25,0.000866327,0.000647664,0.000807069,0.0
0.0,0.0,0.00221041,0.0012752,0.0010593,0.000769006,0.0
6.32256e-33,0.00393692,0.00264733,0.00103808,0.000908143,0.000768105,0.0
0.0,0.0018109,0.000829493,0.000539844,0.000608746,0.000822435,0.0
0.0,0.0,2.51605e-13,0.00161191,0.000416132,0.000777783,0.0
6.42966e-32,0.0,2.70231e-40,0.000616472,0.000452825,0.000844338,0.0
0.0,0.00237266,0.00115001,0.00144198,0.00079032,0.000757649,0.0
0.0,0.0,0.00182426,0.000612788,0.00092209,0.000788222,0.0
0.000856873,0.0,0.000246403,0.00109749,0.000994674,0.00084919,0.0
0.0,0.0,0.0,0.0013328,0.000723209,0.000812329,0.0
0.00142192,0.00149561,0.00125737,0.00135498,0.000500167,0.00083585,0.0
0.0,0.0,0.00131332,0.00157355,0.000578803,0.000811852,0.0
0.0,0.00137421,1.00124e-36,0.000922599,0.00048221,0.00084229,0.0
0.0,0.00112249,0.000458591,0.000746189,0.000904066,0.000830213,0.0
0.0,0.000990162,0.001379,0.00113311,0.000764944,0.000755852,0.0
0.00392491,0.00292561,0.000690269,0.00140552,0.000581934,0.00081097,0.0
0.0,0.0,2.80706e-16,0.000274747,0.00155124,0.000783395,0.0
0.0,0.00342175,0.000139229,0.000442601,0.000436893,0.000881343,0.0
0.0,0.00150943,0.00141179,0.00102566,0.000910823,0.000779553,0.0
1.54671e-23,0.000638502,0.000809088,0.000925011,0.00101255,0.000787028,0.0
0.00216549,0.00228364,1.50105e-18,3.49434e-09,0.000824834,0.000869685,0.0
0.0,1.20169e-21,0.0029788,0.000906831,0.000576939,0.000789892,0.0
0.0,0.0,0.00206754,0.000984127,0.000500637,0.00081838,0.0
0.0,0.00519011,0.0001455,0.00193032,0.000724634,0.000765235,0.0
0.0,0.00608368,0.000505649,0.000746045,0.00125142,0.000733429,0.0
5.62107e-06,2.20599e-25,0.00321039,0.00084992,0.00101651,0.000812971,0.0
1.07121e-40,0.0,3.82887e-37,0.000413449,0.00108549,0.000770344,0.0
0.0,0.0040778,1.69757e-23,0.000444371,0.000468894,0.000867751,0.0
0.0,0.00360213,0.000756139,0.00186472,0.00132571,0.000747248,0.0
0.00603228,0.000506862,5.41826e-22,0.00117449,0.001031,0.000823933,0.0
0.0,0.00106829,0.0,0.000531657,0.000743208,0.000820264,0.0
0.0,0.0,1.00649e-09,0.000694792,0.00111632,0.000797887,0.0
0.00267807,0.00566674,0.00175382,0.00110003,0.000726688,0.000703313,0.0
0.00214328,0.00321796,6.81835e-17,0.000743746,0.000641402,0.000780628,0.0
0.0,0.0,0.0010822,0.00112933,0.00112632,0.000747823,0.0
0.0,0.00549897,0.00167107,0.00197141,0.000722594,0.000747847,0.0
0.0,0.00079454,0.00263718,0.00102398,0.000407975,0.000839828,0.0
1.09386e-32,1.14797e-12,0.001229,0.000440131,0.000699576,0.000886774,0.0
0.0,0.0,0.00122692,0.000328692,0.00101946,0.000814228,0.0
0.0,0.0,0.0,0.000310973,0.000583876,0.000800676,0.0
0.00354772,0.0,0.000870485,0.00174164,0.00084355,0.000838272,0.0
0.00350862,0.0,0.00132321,0.00136083,0.00128036,0.000687039,0.0
0.00141441,0.00176194,0.00116959,0.0016383,0.00116128,0.000771131,0.0
0.0,0.000818102,0.000154966,1.05246e-09,0.000883418,0.000885666,0.0
0.0,0.0,0.0018108,0.000200716,0.000980468,0.000836965,0.0
0.00333378,0.00179765,0.00169536,0.00121059,0.000888223,0.000799564,0.0
0.0,0.00172616,0.000833292,0.000469264,0.000761094,0.000864953,0.0
0.0,0.00146146,0.00280014,0.000462352,0.00152202,0.000741253,0.0
0.00312192,0.00385677,0.00139154,0.0005038,0.000886132,0.000847256,0.0
0.0,8.62535e-26,0.00137505,0.000129804,0.000757856,0.000843128,0.0
0.0,0.00307221,0.00170906,0.00069976,0.000540533,0.000799742,0.0
0.00178304,0.00143752,0.000578481,0.000615178,0.00119319,0.000780144,0.0
0.0,0.00397336,0.00126619,0.000677412,0.000329998,0.000838025,0.0
1.69942e-23,0.0,0.00105949,0.00149161,0.00111767,0.000749268,0.0
1.07695e-14,0.0,0.000677144,0.00157053,0.00115352,0.000856605,0.0
0.00351182,0.0,0.00241381,0.00130369,0.00113364,0.000774872,0.0
0.0,0.00323165,0.0,0.000680232,0.00075353,0.000837526,0.0
0.0,0.000292917,0.00110771,0.00129622,0.000452761,0.000829896,0.0
0.00484729,0.000848449,0.00268331,0.000366719,0.00112404,0.000818849,0.0
0.0,0.000858211,0.00167112,0.000402844,0.00103286,0.000803037,0.0
0.0100208,3.00281e-26,0.000133469,0.00107601,0.00122779,0.000820235,0.0
0.0,0.0,0.000406806,0.00130988,0.000932258,0.000765269,0.0
0.00258839,0.0,0.00110042,0.00181998,0.00128726,0.000780732,0.0
0.00352855,0.0076192,0.00244248,0.000711282,0.00114251,0.000657249,0.0
0.000309377,0.00193234,0.0019724,0.00049847,0.000609996,0.000884776,0.0
0.0,0.0,0.00126185,0.00101289,0.00107964,0.000759454,0.0
0.0,0.0,3.49023e-05,0.000994643,0.000343445,0.000800319,0.0
0.0,0.000625475,0.00198931,0.00145552,0.0010289,0.000782999,0.0
0.0,0.0,1.20234e-23,0.000721827,0.00109131,0.000776591,0.0
0.00228814,0.00489766,0.00115389,0.000387792,0.00155375,0.000739747,0.0
0.0,0.000958766,0.000850758,0.000549365,0.00103024,0.000774313,0.0
0.00279415,0.00155631,0.00130264,0.000325726,0.00118411,0.000729283,0.0
0.0,4.6992e-07,0.000191573,0.00129285,0.00114216,0.00087442,0.0
0.00355019,0.0,0.00161881,0.00117032,0.00083821,0.000793402,0.0
0.0,1.46229e-08,0.0,0.000691877,0.000799129,0.00080473,0.0
0.0,0.0,0.000629303,0.000762412,0.000967285,0.000833561,0.0
0.0,1.03495e-27,0.000457615,0.00081566,0.000480313,0.000870518,0.0
0.0,0.0,0.00122607,0.00141222,0.00083219,0.000808946,0.0
0.00347567,0.00152341,0.00074816,9.52028e-06,0.00050637,0.000843324,0.0
0.0,0.0,0.00115955,0.000716565,0.000570108,0.000872883,0.0
2.41027e-26,0.0,0.00137948,0.00158475,0.000946793,0.000743739,0.0
0.0,0.0,0.00118787,0.00102318,0.000618296,0.000853002,0.0
0.0,6.28038e-33,5.18284e-36,0.000997581,0.000728228,0.000831837,0.0
0.0,1.68035e-11,0.000505373,0.00210335,0.000577112,0.000854926,0.0
3.07496e-15,0.0,0.000379115,0.00151612,0.000900086,0.000858957,0.0
1.28776e-37,0.0,0.00115929,0.00103592,0.00064238,0.000821971,0.0
0.0,0.00159486,9.08052e-34,0.00136104,0.0011298,0.000775892,0.0
0.0,1.60089e-23,0.0,0.00109536,0.000837718,0.000789322,0.0
0.0,1.64169e-37,8.83939e-06,0.000576543,0.0010647,0.00076503,0.0
0.00206512,6.06666e-36,0.000688252,0.000276536,0.00084555,0.00083827,0.0
0.00129957,1.44108e-07,0.0,0.000804399,0.000602355,0.000777519,0.0
0.00186995,0.000564582,4.49451e-34,0.000798103,0.00124193,0.000807702,0.0
0.0,0.0,0.0,4.79117e-06,0.000293969,0.000228418,0.000277504
0.0,0.0,0.000226104,0.000702606,0.000824576,0.000867527,0.0
0.000127274,1.04365e-25,0.000420036,0.00147814,0.000382942,0.00090978,0.0
3.18573e-11,0.0,0.0,4.16533e-12,0.000767211,0.000881149,0.0
0.0,0.0,0.0,1.2139e-08,0.000371249,0.000883272,0.0
0.00317238,0.0,0.00279372,0.000923816,0.00171162,0.000732546,0.0
9.06811e-31,0.00195225,0.000929784,0.000637486,0.000694624,0.000842964,0.0
1.69433e-23,0.00272404,0.00162308,0.00124622,0.00109951,0.000766729,0.0
0.0,0.00270836,9.29409e-31,0.000357025,0.00110143,0.000790225,0.0
1.79969e-23,0.00236591,4.50112e-13,0.00117505,0.00076757,0.000878012,0.0
0.0,0.00393945,4.19419e-14,0.000851206,0.00110838,0.000816053,0.0
0.0030851,0.00220867,0.000589783,0.000923435,0.000987455,0.000835088,0.0
0.0,0.000508046,0.000246507,0.000540001,0.000744563,0.000836423,0.0
0.0,0.00239625,0.000874731,0.00122743,0.00130991,0.000811213,0.0
0.00354129,0.0,1.48801e-23,0.00132226,0.000637184,0.000787046,0.0
0.0,0.00225804,0.000685534,0.000814387,0.00085305,0.000769739,0.0
0.00210787,0.0,0.00113196,0.000269387,0.000648397,0.000816534,0.0
0.00216507,0.00302861,0.000515973,0.00142318,0.00072828,0.000805176,0.0
0.0,0.0,0.00349041,0.000727518,0.00094511,0.000746427,0.0
0.00135018,0.00331642,4.24772e-13,7.86804e-05,0.00150971,0.000773668,0.0
0.0,0.0,9.57239e-14,0.00153846,1.73846e-18,0.000874956,0.0
0.0,0.0,8.47356e-31,0.000499653,0.000932351,0.000832849,0.0
0.0,1.3935e-23,0.000793952,0.00217636,0.00102693,0.000790689,0.0
0.00261397,0.0,1.07439e-05,0.00125613,0.000638266,0.000876213,0.0
0.0,0.00194264,0.000462466,0.000752578,0.000902593,0.000822639,0.0
0.0,0.00116747,0.00238344,0.00172328,0.000501717,0.000796565,0.0
0.0,0.00253102,0.0,0.00125906,0.000935041,0.000825622,0.0
0.0,2.65897e-07,0.00193944,0.00135316,0.0012075,0.000776842,0.0
0.0,0.00504426,1.42639e-23,0.000251052,0.000987676,0.000745451,0.0
0.00320652,0.0,1.18945e-09,0.00130519,0.000697726,0.000808283,0.0
0.0,0.0019531,0.00288066,0.00032872,0.000712909,0.000779675,0.0
0.0,0.00381277,0.000115592,0.000834737,0.00099396,0.000791555,0.0
0.00138279,0.0032883,0.00164784,3.41818e-25,0.00088441,0.00085288,0.0
0.0,0.0,0.000754557,0.000551721,0.0005846,0.000775904,0.0
0.0,1.57489e-25,2.78903e-32,0.000930624,0.000766439,0.000838302,0.0
0.0,0.00144715,4.16274e-06,0.000467608,0.000777795,0.000887018,0.0
0.00716838,0.0,0.0005125,0.000821262,0.00136591,0.000796631,0.0
0.00349142,0.000287532,6.77271e-06,0.00217968,0.00104149,0.000740645,0.0
0.0,0.00141277,0.000174338,0.00103835,0.000795814,0.000866001,0.0
0.0,1.08375e-11,0.00177991,0.000462538,0.000932908,0.000794159,0.0
0.0051968,0.0,0.002874,0.000396676,0.000819814,0.000752557,0.0
0.0,0.0,0.00230936,0.00116222,0.00113473,0.000822621,0.0
0.0,0.0,0.00292754,1.25283e-23,0.000943688,0.00075649,0.0
0.0,0.0,0.00108474,0.00146506,0.00102155,0.000767435,0.0
0.000968444,1.29602e-28,0.000436816,0.00196793,0.00049174,0.000767212,0.0
0.0,0.0020539,0.00155578,8.35704e-10,0.000724427,0.000861816,0.0
0.0,0.00273591,0.00131297,0.00118067,0.00146133,0.000792293,0.0
0.00242233,0.000204014,2.51997e-15,0.000903071,0.000722733,0.000786084,0.0
0.00461831,0.0010419,0.0,0.000709377,0.000629918,0.000838615,0.0
0.0,1.80245e-23,0.000855224,0.000611713,0.00177831,0.000762286,0.0
0.0,0.0,0.00142897,0.00105694,0.00115088,0.000802154,0.0
0.0,0.0,0.000474468,0.000818782,0.000663887,0.000823446,0.0
0.000570495,0.0,0.000999039,0.000844611,0.000719428,0.000781207,0.0
2.33926e-36,6.13527e-09,0.00115445,0.00131256,0.000264937,0.00086509,0.0
0.0,0.00517786,0.0,0.000265604,2.80449e-16,0.000230806,0.000161101
0.0,0.0,0.00199917,0.000348072,0.00114032,0.000818538,0.0
0.00178005,0.0,0.0,0.00049841,0.00131551,0.000791881,0.0
0.00352105,0.0,0.0,0.00131318,0.000823909,0.000778615,0.0
0.0,0.0,0.00317885,0.000355583,0.00061471,0.000761266,0.0
7.61266e-05,1.36815e-23,0.000263322,0.00262302,0.00112862,0.000764621,0.0
0.00327086,0.0,0.000104511,0.00107578,0.000692416,0.00076253,0.0
0.00477357,0.00337814,0.000879979,0.000838406,0.00118448,0.000789001,0.0
0.0,0.0,0.000423929,0.000360665,0.000768974,0.000860546,0.0
0.0,6.24951e-06,0.0013339,0.00152964,0.000581338,0.0008256,0.0
0.00251015,0.000783892,0.00263204,0.000559808,0.00124246,0.000794565,0.0
0.0,0.0,0.00146428,0.000300234,0.000926538,0.000804984,0.0
0.0,0.0,0.0010583,0.00152067,0.000462275,0.000824216,0.0
0.00355107,5.67962e-06,0.00173051,0.000714189,0.000816285,0.000880537,0.0
0.00761857,0.0,1.23919e-17,0.000854643,0.00126218,0.00085647,0.0
0.0,0.0,2.19068e-21,0.00134705,0.000937784,0.000814462,0.0
0.00198444,0.0,0.00178628,0.00139023,0.000744972,0.000780401,0.0
0.00182254,0.00108904,4.29215e-34,5.52251e-07,0.000678602,0.000863721,0.0
0.0,0.00203185,0.00273049,0.000508195,0.000949305,0.000791176,0.0
2.6358e-05,8.05271e-05,6.45711e-12,0.000752778,0.000439311,0.000857866,0.0
0.0,0.0023421,0.00108383,0.00179684,0.000871444,0.000874984,0.0
0.0,0.000149692,0.00217143,1.4059e-21,0.000923232,0.000826695,0.0
0.0040221,2.67585e-06,0.000976624,0.000335815,0.000900308,0.000776551,0.0
0.00689951,0.000604139,4.58673e-16,4.49928e-17,0.000878828,0.000813628,0.0
0.0,0.0,0.00190423,0.000799224,0.000778727,0.000819909,0.0
0.0,0.0,0.00154439,0.00112562,0.00082051,0.000767259,0.0
0.0,0.0,0.00173914,0.000716357,0.000839136,0.000831492,0.0
0.00168369,0.0,0.000632027,0.00115726,0.000547645,0.000814764,0.0
0.0,0.0,0.000857369,0.000261837,0.000714051,0.000756533,0.0
0.0,0.00362118,4.75626e-23,0.000897258,0.00101522,0.000781248,0.0
0.0,1.04955e-39,0.00131212,0.000734109,0.000512233,0.000877553,0.0
0.0,0.00142474,0.00106259,0.00144442,0.00177889,0.000786952,0.0
0.0,0.00108107,0.00168035,0.000627132,0.000701561,0.000872752,0.0
0.0,0.00230192,2.51283e-35,0.00112476,0.000693444,0.000787374,0.0
0.0,0.00189025,0.000634388,0.000683796,0.000808253,0.000786655,0.0
0.00129936,0.000914388,1.60706e-38,0.00070373,0.000822202,0.000867623,0.0
0.0,0.0,0.00109282,0.00139974,0.00053835,0.000816661,0.0
0.0,0.0,0.000844298,0.000561565,0.00105386,0.00080881,0.0
0.00354179,1.02643e-06,0.00121749,0.000573721,0.00142361,0.000744612,0.0
0.00150758,0.00291333,0.00155136,0.00231172,0.000580083,0.000809194,0.0
0.0,0.0,0.0,0.0015892,0.000470241,0.000837592,0.0
0.0,0.00108882,0.00209431,0.000245241,0.000731918,0.000863589,0.0
0.00614836,0.000543575,0.00233834,0.000680158,0.000735331,0.000797304,0.0
4.2636e-24,0.00188692,0.000294277,0.000447941,0.00116094,0.000790123,0.0
0.000705324,2.03686e-33,0.0,0.00023194,0.000990095,0.000852379,0.0
0.00106656,1.62237e-19,0.000577208,0.00187259,0.00132606,0.00075593,0.0
0.0,3.36724e-09,0.00165788,0.00162852,0.000344073,0.000823601,0.0
0.0,0.00482617,0.00257344,0.000722157,0.000984968,0.000780458,0.0
0.00152861,0.00867496,0.000810934,0.0014616,0.000873656,0.000719708,0.0
0.0,0.0044425,0.0018874,0.000463822,0.000377524,0.00089736,0.0
0.0,0.0,0.00285563,0.00109167,0.000862658,0.000766946,0.0
0.00662876,0.000855227,0.00163663,0.000640067,0.00140832,0.000813389,0.0
0.0,0.00151507,0.00159961,0.00164775,0.00111747,0.000754267,0.0
6.87021e-13,0.00197279,0.0,0.000946519,0.00104181,0.000865447,0.0
0.00352386,0.000962508,3.84489e-14,0.00128295,0.000699145,0.000871948,0.0
0.000979998,0.0,3.88309e-09,0.00124304,0.00154689,0.000776886,0.0
0.00283156,0.0,0.00113858,0.00124855,0.00078768,0.000719507,0.0
0.000871227,2.70855e-32,1.09108e-28,0.00100627,0.000693279,0.00081174,0.0
0.00346324,0.00525422,0.000341769,0.00130414,0.00105266,0.000799518,0.0
0.0,0.0,1.46936e-26,0.00072416,0.000705612,0.000771865,0.0
0.00360145,0.0,2.85827e-06,0.00114791,0.000464028,0.000823334,0.0
0.00166306,0.0068268,0.000755003,0.00126243,0.00137965,0.000742623,0.0
1.1306e-23,0.000507816,0.000578939,0.000833473,0.000943971,0.000782432,0.0
0.0,0.0,8.4191e-24,0.000237648,0.00015797,0.000302565,0.000165215
0.0,0.00292855,0.0,0.000549441,0.000826329,0.000834608,0.0
0.00201911,0.0022926,1.07035e-23,0.00074861,0.00102051,0.000763437,0.0
0.0,0.0019786,0.000925767,0.00121172,0.000670926,0.000816568,0.0
0.0,0.00334774,0.00068239,0.000450366,0.00121138,0.000828574,0.0
0.0,6.44052e-40,0.00198462,0.000466696,0.000786104,0.000812718,0.0
0.00252221,0.0018213,0.00154689,0.00242612,0.000446754,0.000855086,0.0
6.14795e-07,0.0,0.00166056,0.00084216,0.00114106,0.000741685,0.0
0.0,0.00196241,0.000836917,0.000772687,0.00100923,0.000720045,0.0
0.0,0.000603007,0.00118577,0.00109439,0.000690904,0.000758976,0.0
0.0,6.18559e-08,0.000410369,0.00043543,0.000496821,0.000845066,0.0
0.0,0.0,0.0010888,0.000626111,0.0010624,0.000765048,0.0
0.0,0.000737326,0.0,0.000798698,0.000608539,0.000834377,0.0
0.0,0.00132452,0.000486896,3.00189e-06,0.000870891,0.000844593,0.0
0.0014651,0.0,0.00246172,0.000265507,0.000719743,0.000872511,0.0
0.0,0.00166284,0.00229141,0.00096873,0.00112695,0.000769486,0.0
0.00347167,9.32099e-26,0.00138592,0.00101567,0.000788822,0.000813858,0.0
0.00357368,0.00200037,0.00145487,0.000972114,0.00070044,0.000866465,0.0
0.0,1.57228e-05,0.000664967,0.00111771,0.00113889,0.000739604,0.0
0.0,1.33842e-33,0.000107796,0.00103794,0.000728964,0.000774284,0.0
1.15771e-10,7.22488e-05,0.0014741,0.0012425,0.000882425,0.000767595,0.0
0.0,0.000129187,0.00194054,0.000839705,0.000510504,0.000799713,0.0
0.0,0.0,9.98138e-37,2.98359e-28,0.000423308,0.000200628,0.000198909
0.0,1.16687e-34,1.87732e-05,0.00082994,0.000355123,0.000805056,0.0
0.0,0.00209479,0.00180374,0.00172581,0.000572278,0.000809691,0.0
1.05993e-23,0.0051659,0.000527872,0.000591598,0.000874959,0.000791703,0.0
2.02202e-21,0.000937219,0.000534785,0.000174073,0.000663242,0.000830621,0.0
0.0,0.00205497,0.000313006,0.00105899,0.000806391,0.000873779,0.0
0.0,0.000707772,8.97232e-40,0.00104834,0.00102864,0.000861756,0.0
0.0,1.12865e-23,0.00113122,0.000783303,0.000622888,0.000804673,0.0
0.00346318,4.35808e-35,4.977e-38,0.000925011,0.00152748,0.000746334,0.0
0.0,0.0,0.000573399,0.0013801,0.00131072,0.000744163,0.0
5.57595e-11,0.000376615,0.00150645,0.00127262,0.00072142,0.00079454,0.0
0.0,0.0,1.01799e-23,0.000775622,0.000563098,0.000898591,0.0
0.0,5.75899e-33,0.00115021,0.000563369,0.000865834,0.0008183,0.0
0.0,0.0,0.000617483,0.00141166,0.000459201,0.0008655,0.0
0.0,0.00508756,0.00145016,0.00106129,0.00087969,0.000830167,0.0
0.0,0.00314726,2.99058e-12,0.00111472,0.000933126,0.000815238,0.0
0.0,0.00355878,0.00309568,0.000800653,0.000915131,0.000725264,0.0
4.21409e-05,5.58833e-28,0.000658357,0.00149085,0.000824708,0.000845141,0.0
0.0,0.0,0.00075815,0.000621065,0.000758335,0.000858377,0.0
7.03313e-27,0.0,3.25962e-24,0.00053556,0.00105525,0.000817815,0.0
0.0,1.56797e-23,0.000981287,0.000668231,0.000731786,0.000738451,0.0
0.00502733,0.00181236,0.0046952,0.00100568,0.000925765,0.000730504,0.0
0.00990459,2.33142e-36,0.000724575,0.000739174,0.000140942,0.00092113,0.0
0.00152803,0.0,0.00374043,0.000367861,0.000902544,0.000868898,0.0
0.0,0.0,1.05822e-23,0.000774795,0.000647267,0.000858656,0.0
0.0,0.00152681,0.00076604,5.54345e-23,0.00124683,0.00085647,0.0
0.0,0.0,0.00181396,0.00202209,0.000880626,0.000824668,0.0
0.00344157,0.0,9.26066e-25,0.00124685,0.000457939,0.000768671,0.0
0.0033992,0.00455633,0.000644164,0.000820615,0.000851463,0.000858466,0.0
0.00352476,0.00176361,3.01914e-05,0.00152543,0.00109166,0.000725577,0.0
0.0,2.01162e-05,0.0,0.000603583,0.000502174,0.000825113,0.0
0.0,0.000930442,0.0020735,3.73214e-06,0.000429423,0.000831917,0.0
0.00363751,1.52141e-26,0.000615441,0.0007728,0.000944207,0.000809992,0.0
0.0,0.00243371,0.00321401,1.78984e-23,0.00100222,0.000786056,0.0
0.0,0.00540065,0.000601445,0.000513115,0.000885046,0.000729967,0.0
0.0,2.96216e-18,0.00186314,0.000927046,0.000659463,0.000851685,0.0
0.0,0.00153024,0.0,0.00061364,0.00121327,0.000782483,0.0
0.00556284,2.22235e-12,0.00182548,0.000800296,0.00058737,0.000871585,0.0
0.0,0.0,0.00124284,0.00159394,0.00103905,0.000793002,0.0
0.0,0.0,0.00222965,0.00169407,0.00122219,0.000724825,0.0
0.0,0.00168969,0.00015073,0.000642085,0.000501095,0.000812571,0.0
0.0,0.00117839,0.00132371,5.61536e-07,0.000654509,0.000810032,0.0
0.00350184,3.08168e-13,0.00221847,0.000733754,0.000616583,0.000858762,0.0
0.0,0.0,0.00151702,0.000761855,0.000637893,0.000800658,0.0
0.0,0.00255931,0.00088282,0.00120988,0.0015803,0.000775492,0.0
0.00256568,0.000794719,0.00160071,0.00132959,0.000557284,0.000832658,0.0
0.00455967,0.00333333,0.000956082,1.63905e-23,0.000261301,0.000813772,0.0
0.0,0.00219293,0.000676492,0.00122048,0.000842722,0.000710354,0.0
0.000206084,0.00175162,0.00167258,0.00213948,0.00123955,0.000761896,0.0
0.0,0.00242191,4.64224e-36,0.00117191,0.000578947,0.000825541,0.0
0.0,0.00238743,1.20644e-13,0.000630243,0.00103603,0.000777734,0.0
0.0,0.0,0.00121755,0.000907242,0.000825044,0.000805993,0.0
0.0,0.0,0.000979669,0.000741441,0.00122422,0.000773662,0.0
0.00150006,0.00172888,0.00100248,0.00131061,0.00127547,0.000739293,0.0
0.0,1.43792e-18,0.000194947,1.7035e-05,0.000855717,0.000847553,0.0
0.0,0.0,1.61469e-23,0.00139682,0.00103598,0.000774689,0.0
0.00339466,0.0,4.77798e-18,0.000981001,0.00100487,0.000787018,0.0
1.07867e-23,1.11699e-32,3.06444e-07,4.35923e-08,0.000645579,0.000845392,0.0
3.55331e-25,0.0,0.00138844,0.00242376,0.000355437,0.000875362,0.0
0.0,1.34588e-23,0.00215666,0.000495048,0.00094557,0.00081259,0.0
0.0,0.0,0.0,0.000545467,0.000935255,0.000813425,0.0
0.0,0.00188435,0.000459524,0.000545804,0.00114102,0.000819071,0.0
0.00586644,0.0,2.66246e-16,0.000572186,0.00108137,0.000824867,0.0
0.0,0.00279079,0.00167707,0.000547334,0.00110056,0.000744662,0.0
0.0,0.00222119,0.000771553,0.00131259,0.00112946,0.000747039,0.0
0.000476846,0.00111798,0.000265741,1.80554e-23,0.000944421,0.000814109,0.0
0.00346937,2.48221e-07,0.00214779,0.000919645,0.00115307,0.000711211,0.0
0.0,0.00227568,0.0,0.000129469,0.000876819,0.000784622,0.0
0.0,3.48794e-39,1.11333e-28,0.00122675,0.00116745,0.000791231,0.0
0.0,0.00321491,0.0,0.000717071,0.000709128,0.000784999,0.0
0.0,1.40618e-23,0.000834016,0.00143057,0.00096004,0.000776027,0.0
0.0,0.00188711,0.00248619,0.00151852,0.000716965,0.000800846,0.0
0.00337461,1.40336e-38,0.00231966,0.000606097,0.000690893,0.000789912,0.0
0.00347451,0.00391978,0.00169833,0.00179784,0.000839359,0.000755428,0.0
0.0,0.00192443,0.00074014,0.000780835,0.00108583,0.000795847,0.0
0.0,0.0,1.33007e-23,0.00047265,0.000165952,0.000138014,0.000670128
0.00489388,0.00102833,2.77319e-22,0.000453687,0.00124947,0.000778942,0.0
0.0,0.0,0.00186983,0.00100706,0.00127803,0.000731961,0.0
0.00526527,0.00495936,0.000957161,0.000577181,0.00053137,0.000792233,0.0
3.45701e-20,0.00179682,0.0,0.00108472,0.000400797,0.000822005,0.0
0.0,0.0,0.00138209,0.00133255,0.000734452,0.000844211,0.0
0.0,0.00182394,0.00217303,0.000987134,0.000237809,0.000869901,0.0
0.00251021,0.0,8.57999e-35,0.00130661,0.00103364,0.000837577,0.0
0.0,0.000285536,0.000540597,0.00103747,0.00110356,0.000829022,0.0
0.0,0.000313892,4.8616e-24,0.000404907,0.000747065,0.000826245,0.0
0.0,5.21833e-19,0.000564766,0.00144067,0.000872718,0.000820664,0.0
0.00409543,1.04832e-23,0.00134678,0.000895868,0.000989061,0.000831498,0.0
0.0,0.00361877,0.00214314,0.00045686,0.00153821,0.000688199,0.0
0.0,1.18947e-23,0.0,0.00135495,0.00107073,0.000762451,0.0
0.0,0.0,9.31764e-14,0.00201109,0.00137172,0.000812627,0.0
0.00526797,6.91978e-34,0.000117881,0.000593244,0.00111882,0.000785994,0.0
0.00165731,0.0,0.000282484,0.000580118,0.000817375,0.000820689,0.0
0.0,0.00504265,0.000431144,0.000326092,0.00127729,0.000826436,0.0
0.00278005,7.16343e-21,4.82558e-09,0.000783224,0.00112609,0.00074957,0.0
0.00353248,0.0,0.000620365,0.00075146,0.000782595,0.000774145,0.0
1.12651e-35,0.00354199,0.00064426,0.00123947,0.000735688,0.000850661,0.0
0.00228141,3.7191e-36,0.0,0.00132947,0.000629004,0.000838646,0.0
0.0,0.000673732,3.49893e-05,0.000727154,0.00133382,0.000770535,0.0
0.0,0.0011599,0.00471049,0.000942999,0.000704145,0.000845175,0.0
0.0,0.0,0.00109719,0.000180978,0.000969026,0.000845989,0.0
5.94234e-05,0.0,0.000154729,0.000729424,0.000326349,0.000828051,0.0
0.0,1.99829e-39,0.00120707,0.00052998,0.000442062,0.000802213,0.0
0.0,0.00299594,1.36223e-23,0.00171831,0.000755391,0.000854574,0.0
0.0019012,0.00185013,0.000951451,0.000858003,0.00103211,0.000824937,0.0
0.0,0.00116061,0.00114948,0.000770959,0.0011657,0.000760064,0.0
0.0,0.00226436,0.000742631,0.00153688,0.00105706,0.000762921,0.0
0.0044801,0.0,1.71239e-17,0.000601451,0.000952077,0.000813984,0.0
4.71147e-14,0.00305814,0.001564,0.00118505,0.000309529,0.000833856,0.0
0.00169251,0.0,0.0,0.000618657,0.000417909,0.000834435,0.0
0.00689076,0.0,0.00294631,1.84109e-23,0.000935163,0.000821971,0.0
1.1445e-06,0.00564902,0.0,0.00183193,0.000708553,0.000764453,0.0
0.0,0.0006288,0.0026634,5.196e-07,0.00129535,0.000763446,0.0
0.0,0.0,9.75988e-05,0.00201024,0.000680408,0.00080219,0.0
0.00174448,5.62199e-39,0.0004395,0.00166021,0.000519083,0.000787903,0.0
0.00334327,0.0,0.00104698,7.67571e-16,0.000468279,0.000803854,0.0
0.0,0.00288603,0.000233908,0.000985819,0.000645826,0.000835512,0.0
0.00139279,1.31615e-07,0.000461384,0.00160432,0.00126136,0.000730841,0.0
0.0,0.00144852,0.00112438,0.00070591,0.00118479,0.000854297,0.0
4.72972e-29,6.8852e-16,0.000313086,0.000860878,0.000797397,0.000784919,0.0
0.0,0.00368893,0.0,0.000575742,0.000899939,0.000711629,0.0
2.56983e-20,0.00182069,5.09565e-29,0.000867771,0.000684567,0.000848459,0.0
0.0,0.0,0.00134482,0.00106246,0.000819166,0.000769825,0.0
0.0,0.0,1.44478e-23,0.000329342,0.00110019,0.00087846,0.0
0.0,1.10912e-07,3.46526e-10,0.00211645,0.000771297,0.000811027,0.0
0.000614063,0.000907125,0.00105336,0.0014269,0.000892991,0.000845082,0.0
0.0,0.0,0.00187444,0.00112839,0.00102771,0.000785796,0.0
0.0,0.0,0.00112493,0.000318101,0.00103386,0.000817159,0.0
0.00354587,0.0,5.31049e-07,0.00165363,0.000908272,0.00070765,0.0
0.0,0.00154659,0.000233975,0.000600332,0.00047842,0.000883906,0.0
0.0,0.0,0.000671286,0.00100057,0.000453582,0.000847615,0.0
0.00261,0.00152889,0.0,0.0020384,0.000540819,0.000768883,0.0
0.0,0.00191447,1.21523e-18,0.000885173,0.000513948,0.000842827,0.0
0.0,0.000818064,0.00390946,0.00078105,0.000706886,0.000744745,0.0
0.0,2.07475e-40,1.74348e-35,0.000600983,0.000736736,0.000822648,0.0
0.0,1.14972e-05,4.30769e-05,0.00105777,0.000706853,0.000822972,0.0
1.55834e-27,0.0018875,1.45709e-08,0.000917928,0.000234049,0.000869096,0.0
0.0,0.0,0.00115692,0.000617941,0.00125242,0.000812601,0.0
0.0,0.000795057,0.0,0.00120059,0.000657983,0.000856881,0.0
0.0,0.000647648,5.56784e-07,0.00114129,0.000701454,0.000834873,0.0
0.0,0.0,1.1987e-23,0.00166379,0.000742518,0.00083444,0.0
0.0,1.32566e-18,0.00048222,0.00139609,0.0012304,0.00077945,0.0
0.0,9.30677e-06,5.16497e-08,0.000966817,0.00102014,0.000848567,0.0
9.65859e-22,3.75551e-28,0.00110444,4.47865e-28,0.0010655,0.000840924,0.0
0.0,0.00143726,0.000350177,0.00160651,0.000811231,0.00083365,0.0
0.0,0.0,1.0126e-23,0.000574658,0.00090315,0.000878009,0.0
0.0,0.0,0.00120508,0.000617219,0.000517626,0.000766282,0.0
0.0,0.000528712,0.00204459,0.000240563,0.000969042,0.000724868,0.0
0.00133832,0.0,0.00192236,0.000528416,0.000852234,0.000806101,0.0
0.000551189,0.0029696,0.00129162,0.000461425,0.000262993,0.000846506,0.0
0.00430798,3.72428e-14,0.000540075,0.00207447,0.000557996,0.000890234,0.0
0.005885,0.00195246,7.70929e-07,0.00121726,0.000750415,0.000829201,0.0
1.18532e-15,0.000306131,3.00512e-06,0.000216787,0.000884189,0.000897953,0.0
0.0,0.0,0.00196219,0.00193468,0.000761793,0.000784826,0.0
0.0,1.88503e-23,0.000576154,0.00103569,0.00102277,0.000785696,0.0
0.0,0.00191695,3.23868e-12,0.000723184,0.000788171,0.000810643,0.0
0.00337792,0.00228701,0.00293542,0.000626236,0.000688396,0.000827084,0.0
0.0,0.00379179,7.61209e-06,0.00126783,0.000854753,0.000787164,0.0
0.0,0.00139559,0.00159839,0.00120944,0.00108326,0.000756277,0.0
0.0,4.77574e-20,0.000659978,0.00140722,0.000746085,0.000837901,0.0
0.0,0.0,0.0,0.00114432,8.20484e-05,0.000943786,0.0
0.0,0.000556505,0.00366301,0.000671702,0.000754556,0.000751533,0.0
9.77613e-23,0.0,0.00185151,0.00107501,0.00102286,0.000793065,0.0
0.00397278,0.000259078,1.24888e-05,0.00119112,0.000926386,0.000823385,0.0
1.10183e-36,1.35538e-18,0.00199595,2.67823e-29,0.000894682,0.000777905,0.0
0.0,0.0,0.000399087,1.92698e-13,0.000842908,0.000859301,0.0
0.0,0.0,3.33744e-22,0.0013754,0.000497819,0.000693166,0.0
0.00433239,4.40933e-06,0.00147159,0.00072468,0.00067496,0.000875042,0.0
2.46869e-37,0.00278885,0.00144445,0.0015233,0.000836577,0.000768958,0.0
0.0,0.0,0.00215805,0.000621491,0.00062933,0.000790457,0.0
0.0,0.00500534,0.0,0.000750167,0.000762172,0.000796206,0.0
0.0,0.00256523,0.00105266,0.000980637,0.000590586,0.000886358,0.0
1.62931e-13,0.00114791,0.000570516,0.000502526,0.000873999,0.000824613,0.0
0.00250065,1.04748e-23,0.00257198,0.00106653,0.000431454,0.000806132,0.0
0.0,0.0,0.000201577,0.00134764,0.00162563,0.000777877,0.0
0.0,0.00160166,0.000954461,0.00162273,0.0013021,0.000781666,0.0
0.0,0.00259448,0.00157122,0.00120886,0.00157844,0.000764041,0.0
0.0,0.00359248,2.05093e-21,5.35569e-05,0.000710444,0.000821326,0.0
0.0,0.00140284,0.000157895,0.0014538,0.000562029,0.000804718,0.0
0.003402,0.000507294,0.00190149,0.00209856,0.000657358,0.000722795,0.0
0.0,0.0,1.24538e-31,0.00110691,0.00153033,0.000684859,0.0
0.0,0.0,3.21122e-16,0.00093226,0.00095003,0.00077954,0.0
0.0,0.000912053,0.0,1.13622e-10,0.000655516,0.000810502,0.0
0.00267964,0.00242819,7.7928e-11,0.00133779,0.000885064,0.000775021,0.0
1.01075e-10,0.0,0.00114401,0.000986683,0.00120176,0.00078446,0.0
0.0,0.0,0.0,1.40531e-23,0.00102973,0.000788599,0.0
0.00302071,0.00284396,0.00105201,0.000628618,0.00113478,0.000763251,0.0
0.0,0.0,0.00138787,0.000455829,0.000307959,0.000855853,0.0
0.0,1.92544e-31,0.00115342,0.0010811,0.000682735,0.000840203,0.0
0.00318415,0.00102187,0.000446901,0.000528707,0.0013683,0.000759506,0.0
0.00323466,0.0,0.00196128,0.000386641,0.000693821,0.000830014,0.0
0.0,0.0,0.000834084,0.000490107,0.0013206,0.000777957,0.0
0.0,0.0,1.85098e-23,2.58819e-18,0.00103119,0.000799311,0.0
0.0,0.00283376,0.00141561,0.000795707,0.000845152,0.000773379,0.0
0.0,0.000926837,6.09317e-24,0.00256767,0.00101885,0.000808799,0.0
0.0,0.000683933,0.00184958,0.00081757,0.000631739,0.000799396,0.0
0.00515253,0.00229452,0.00230912,1.71544e-23,0.000327866,0.000832356,0.0
0.0,0.0,2.4648e-21,2.28041e-23,0.000589019,0.000934087,0.0
0.0,0.0,0.00294519,3.99168e-15,0.000828397,0.000768075,0.0
0.0,0.0,0.000227566,0.00163247,0.00103779,0.000772083,0.0
0.0,0.00229457,0.00411324,0.00149578,0.00140592,0.000726222,0.0
0.0,0.000522251,0.000898977,5.7222e-06,0.000974564,0.000802842,0.0
0.000462521,0.0,7.23922e-16,6.2898e-22,0.000924717,0.000866421,0.0
0.0053639,0.00358997,2.47265e-05,0.00068201,0.000988183,0.000801624,0.0
0.00599561,0.0,7.04277e-08,0.00101474,0.00119823,0.000822572,0.0
0.0,1.14621e-23,0.00117179,0.00239449,0.000432605,0.000844363,0.0
0.0,0.00310036,0.00105771,0.00144299,0.00114099,0.0006916,0.0
0.00288571,0.002563,0.00115551,0.00100319,0.00108107,0.000797013,0.0
0.0,0.0,0.00229724,0.000791774,0.000929398,0.000784368,0.0
0.0,0.0,0.00081152,0.000406796,0.000896426,0.000865969,0.0
0.0,0.0,4.97393e-26,0.000909615,0.000859948,0.000818515,0.0
0.0,0.00243943,7.62397e-24,0.000989338,0.000930963,0.000802634,0.0
1.80718e-11,0.0,0.0,0.00096692,0.00106498,0.000787771,0.0
0.0,0.0,1.8463e-23,0.000910229,0.00126998,0.000780917,0.0
0.00250855,0.00207859,0.00190362,0.000405908,0.00095687,0.000836368,0.0
0.0,0.0,0.00143653,0.000514329,0.00102221,0.000821078,0.0
0.0,2.1725e-08,0.000738288,0.000723533,0.000992708,0.000780934,0.0
1.47926e-06,0.0,0.00109248,0.000600565,0.000897091,0.000788888,0.0
0.00254319,2.62335e-24,0.00277614,0.000691675,0.000502129,0.000859669,0.0
0.0,0.0,0.00208157,0.00113723,0.000741608,0.000784548,0.0
0.0,4.569e-11,0.00108928,0.00132016,0.000949265,0.000865747,0.0
0.00295673,0.0,0.000765754,0.00135313,0.000570626,0.000802069,0.0
0.00915824,5.29359e-20,0.00206198,0.00144443,0.00122383,0.000714985,0.0
0.0,0.00249263,0.00083548,0.000574978,0.000921011,0.000841525,0.0
0.00350105,0.0,0.000707373,0.0016362,0.000319823,0.000824225,0.0
0.0,5.16862e-25,0.00102479,0.000396564,0.000354938,0.000894261,0.0
5.74904e-11,0.00155973,0.000915446,0.000261487,0.00111635,0.000785007,0.0
0.00537018,0.0011564,0.00107294,1.03233e-21,0.000804194,0.000864694,0.0
0.00193753,0.00159215,3.20715e-37,0.000258499,0.00010541,0.00022233,0.000324892
8.64248e-24,0.000403843,0.000613056,0.000617839,0.000486742,0.000886278,0.0
0.00381893,0.00554512,0.00164982,0.0010285,0.000609675,0.000838608,0.0
0.00633619,0.000261928,0.00181362,0.00174543,0.000686792,0.000827828,0.0
1.18191e-35,0.00152567,0.00159133,0.000364187,0.000555824,0.000838762,0.0
0.0,0.0,2.26976e-27,0.000878591,0.000262198,0.000818202,0.0
0.0,0.0,0.00224882,0.00119213,0.000926721,0.000818868,0.0
0.0,1.52271e-06,1.26424e-08,0.000866966,0.00143506,0.000854877,0.0
0.0,0.0,0.00179404,2.83826e-08,0.00067083,0.000822073,0.0
0.0,0.00168765,0.0012116,0.00145762,0.000788042,0.00078638,0.0
8.76028e-13,0.00356609,0.00125394,0.000461993,0.000779802,0.000849975,0.0
0.0,0.00104811,4.78569e-29,7.48764e-10,0.000570187,0.000900793,0.0
0.0,0.0,0.000900606,0.000998316,0.000507962,0.000854741,0.0
0.0,0.0,0.00132829,0.00097225,0.000708917,0.00078713,0.0
0.0,0.00220865,0.00129375,0.00160596,0.000696762,0.000797841,0.0
0.0,1.71999e-23,2.4615e-05,0.001451,0.000923333,0.00078434,0.0
1.63256e-13,0.00250311,0.00172176,0.00147237,0.000649809,0.00084971,0.0
0.00355103,0.0,1.5653e-23,0.00110351,0.000888474,0.000793297,0.0
0.00325094,5.35776e-11,0.0,0.000758545,0.00114786,0.000812944,0.0
0.00226417,0.0,0.00045808,0.00111273,0.000638978,0.00088061,0.0
0.0,0.0,0.000959275,6.49497e-07,0.000557776,0.000897699,0.0
0.00347318,0.0,1.54209e-23,0.000948486,0.000668707,0.000861302,0.0
0.0,0.0,0.00043827,0.000726483,0.00115008,0.000791174,0.0
1.94427e-36,0.0,2.31966e-36,0.00127806,0.00066742,0.000836946,0.0
0.00246002,2.8186e-24,0.001299,0.000699881,0.00162136,0.000771885,0.0
0.0,0.0,0.000156219,0.000970757,0.000859749,0.000768861,0.0
0.0,1.24318e-08,0.00126087,0.00131912,0.000813694,0.000850472,0.0
0.0,1.22204e-20,0.000531009,0.000596343,0.000705888,0.000862509,0.0
0.0,0.0,5.45814e-20,0.000331752,0.000845087,0.000873331,0.0
0.00229208,4.44399e-10,0.00160066,0.000625511,0.000855823,0.000812652,0.0
0.0038134,0.0,3.55833e-20,0.000579633,0.000739556,0.000854511,0.0
0.0,9.04834e-09,0.00153616,7.82761e-14,0.000882403,0.000868232,0.0
0.00101186,3.06512e-37,0.00119156,0.000634443,0.000736732,0.000809018,0.0
0.0,0.00760781,9.31384e-24,0.00061023,0.000972649,0.000854189,0.0
0.0,0.0,5.00829e-33,0.000402936,0.000452618,0.000861041,0.0
0.0,0.0021266,5.57831e-22,0.000645945,0.000975593,0.000814389,0.0
0.0,0.0,5.32312e-29,0.00130836,0.000665688,0.000891535,0.0
0.00260811,0.00325188,0.0,0.000674763,0.0012803,0.000748352,0.0
1.65242e-24,0.0,0.000673411,0.000537424,0.000977845,0.000863134,0.0
0.0,1.70964e-23,0.00205481,0.00143911,0.00055872,0.000852871,0.0
1.3171e-23,0.00143297,0.00163476,4.68132e-05,0.00097272,0.000849854,0.0
0.0,0.00274971,1.10146e-28,0.00113401,0.000508703,0.000876551,0.0
0.0121016,0.0,0.00189191,0.000249363,0.000988538,0.000744584,0.0
0.00457639,0.0,0.00121728,0.000915716,0.000747004,0.000787431,0.0
0.0,1.08471e-11,0.0,5.18725e-19,0.000632562,0.000877268,0.0
0.0,0.0,0.000641779,0.00154176,0.000765616,0.000870405,0.0
0.00141949,0.0,0.00113894,0.00065585,0.000881963,0.000849683,0.0
1.29693e-23,0.0,0.000878216,0.000762801,0.000783187,0.000820801,0.0
0.00228566,0.0,0.0,0.00125582,0.00127929,0.000709662,0.0
0.0,0.00190987,0.000816428,0.00110318,0.0011002,0.000757461,0.0
0.00355106,2.21311e-40,0.00248045,0.00145977,0.000841012,0.00084731,0.0
0.0,0.0,0.00169777,0.000295415,0.00140501,0.000804244,0.0
0.00255228,0.0,0.000692864,0.00105484,0.00062092,0.000751437,0.0
0.0,2.65472e-10,0.00136192,0.00087302,0.000964634,0.000816309,0.0
0.0,0.00393948,0.000568109,0.000579982,0.000701461,0.000795433,0.0
0.00129461,0.0,0.00307923,0.000555248,0.000553574,0.000852321,0.0
0.0,0.0,0.00162375,0.00187866,0.0010688,0.000747752,0.0
5.56181e-12,0.0,3.64581e-26,0.00150075,0.000809334,0.000806845,0.0
0.0,0.00242888,0.000149485,0.000455647,0.000886055,0.000769802,0.0
0.0,0.0,1.36915e-05,0.000558835,0.00123152,0.000730117,0.0
0.0,0.00236762,0.00098183,0.00162362,0.000291725,0.000863575,0.0
0.0,0.00445492,0.000216863,0.00102057,0.00141057,0.000801878,0.0
0.0,0.00180678,0.00155431,0.0010579,0.00081902,0.000776525,0.0
0.0,0.0,0.000476995,0.000233439,0.000976217,0.000910582,0.0
0.0,0.0,0.00304504,0.000357185,0.000746167,0.000785388,0.0
0.00221059,0.0,6.61006e-30,0.000485404,0.00062188,0.000802099,0.0
0.0,0.00488031,0.00109826,7.66636e-15,0.000738773,0.000734277,0.0
0.0,0.0,0.0014499,1.1018e-11,0.000580429,0.000823875,0.0
0.00405111,0.0,0.001654,0.0014927,0.000932081,0.000734362,0.0
0.0,0.0,0.0024164,0.000624668,0.000492187,0.00081776,0.0
0.0,0.00188874,0.000615594,0.00104419,0.000722472,0.000849059,0.0
2.06217e-11,0.00114859,0.00131485,0.00146681,0.000823819,0.000806879,0.0
0.0,2.39597e-26,0.000574838,0.000655603,0.00048542,0.000853936,0.0
0.00283357,0.0,0.00294238,0.0010581,0.000335719,0.000877977,0.0
0.00171171,0.0,0.00119941,0.000873948,0.000789399,0.000729465,0.0
0.00563297,8.36381e-06,0.00068679,0.00103491,0.00086943,0.000768163,0.0
0.0,0.00150299,0.00111038,0.00171483,0.000730855,0.000728185,0.0
0.0026493,0.000486109,0.000752791,0.00121542,0.000226434,0.000850706,0.0
0.00189413,0.0,0.0028763,0.000444842,0.000686142,0.000828497,0.0
0.0,2.10143e-35,4.06895e-09,0.00101217,0.000202171,0.000796714,0.0
0.0,0.000976208,0.000658142,0.000683607,0.000636475,0.000780847,0.0
0.0,0.00250779,0.000956884,0.00234959,0.0012746,0.000689732,0.0
0.0,0.00202157,1.17366e-09,0.0,0.00080896,0.000857243,0.0
0.0,0.0,1.20165e-17,0.00108124,0.00091774,0.00083102,0.0
0.0,0.00184831,0.000132871,0.00111426,0.00114848,0.000804842,0.0
0.0,0.0,0.000597652,0.000933424,0.000541854,0.000837149,0.0
0.00257544,0.0,4.18568e-13,0.000646494,0.000772776,0.000825799,0.0
0.0,0.00174059,0.0010482,0.000359529,0.000625021,0.000817504,0.0
0.0,0.000417722,0.000241717,0.00110112,0.00180628,0.000698333,0.0
0.00440102,0.0,0.00050674,0.00123462,0.000734566,0.000821586,0.0
1.62411e-23,0.00177915,0.000648701,0.00161553,0.000740538,0.000841269,0.0
0.000444252,0.0,0.000789409,0.000436871,0.000755566,0.000777096,0.0
0.00562861,1.57936e-13,0.000844504,0.00180306,0.000501022,0.000835931,0.0
0.0,0.0,0.00252923,0.00117836,0.000586048,0.000844928,0.0
0.0,0.00236483,0.000491561,0.000338712,0.000895446,0.000820711,0.0
0.0,2.39623e-23,0.00161046,0.00104609,0.000836744,0.000709696,0.0
0.000154231,0.000563207,1.54588e-23,0.000726983,0.00102613,0.000794084,0.0
0.0,0.00315297,0.00041633,0.000349179,0.000310625,0.000831213,0.0
0.0,5.74975e-08,0.000628173,5.94507e-05,0.00114441,0.000796765,0.0
0.00170198,0.00165443,0.00197002,0.00135691,0.00066958,0.000777664,0.0
0.0,0.0011288,3.7491e-36,0.00127652,0.00105215,0.000803438,0.0
0.00541374,0.000674515,0.00113558,0.000258474,0.00166287,0.000809152,0.0
0.0,0.00172751,0.000496699,0.000833711,0.000908021,0.000794201,0.0
5.90851e-39,0.0,0.000387149,1.24456e-09,0.00105756,0.000842723,0.0
0.0,0.0,2.04989e-33,0.00102767,0.000576949,0.000865439,0.0
0.00147125,0.00177051,0.00213102,0.00112891,0.000694125,0.000824805,0.0
0.0,3.56749e-30,0.000647907,0.000953384,0.00075978,0.000820434,0.0
0.0,0.000246034,0.000709195,0.000341655,0.00126159,0.000797956,0.0
0.0,9.95527e-26,0.0,0.000700019,0.00107869,0.000750866,0.0
0.0,0.00178063,0.00053299,0.000445714,0.0010096,0.00074581,0.0
0.0,0.0051127,0.000895193,0.00033841,0.000507775,0.000868031,0.0
0.0032144,0.00132818,0.00094503,0.000840161,0.00107563,0.000761711,0.0
0.0,0.00644214,7.41975e-05,0.00104162,0.00105796,0.000756661,0.0
0.0,0.0,0.00107063,0.000967832,0.00121471,0.00075985,0.0
0.0,2.83111e-24,6.70124e-09,0.000395006,0.000910803,0.000846849,0.0
0.00407118,2.29337e-41,0.00132146,0.00139561,0.000967668,0.000816457,0.0
0.0,0.00336736,0.00124152,0.00104266,0.000862196,0.000815657,0.0
0.0,5.46966e-27,0.00105269,0.00104765,0.000894597,0.000816398,0.0
0.00333756,0.00436532,0.00170561,0.00102235,0.000749932,0.000828728,0.0
0.0,0.0,0.000923749,0.000573871,0.000340386,0.000847523,0.0
0.00386024,0.00164142,0.000960536,0.000910007,0.00116,0.000803648,0.0
0.0,0.00195139,0.000248769,0.000773813,0.00146763,0.000781765,0.0
0.0,0.00546352,0.00244872,0.000794041,0.00116521,0.000761592,0.0
0.00158366,0.0,0.00205983,0.000443731,0.000599751,0.000789387,0.0
0.00391994,5.17838e-16,0.00071903,0.00221832,0.000783587,0.000785388,0.0
1.79593e-23,0.0013776,0.00140331,0.000822941,0.00089377,0.0007884,0.0
0.0032652,0.00270262,0.00195088,0.000393408,0.000483141,0.000885125,0.0
0.0,0.0,0.00122381,0.000113726,0.000892786,0.000864995,0.0
0.0,0.0,0.000299956,0.00103405,0.000978679,0.00078924,0.0
3.81674e-20,0.00073894,0.0,0.000991211,0.000273063,0.000886301,0.0
0.0,0.0,0.00252874,0.00108835,0.000777616,0.000861648,0.0
0.00671353,4.89659e-21,0.00264925,0.000659336,0.000706247,0.000764291,0.0
8.92296e-16,0.000600825,0.00189375,0.000566498,0.00128852,0.000740949,0.0
0.00236814,1.15196e-37,0.00105118,0.000934182,0.00101509,0.000827246,0.0
0.0,0.0,0.000749761,0.000417877,0.000459011,0.000916042,0.0
0.00165434,1.65578e-19,0.000780292,0.00168094,0.000847718,0.000815745,0.0
1.30783e-23,2.89575e-27,1.50999e-24,0.000589967,0.00107785,0.000877916,0.0
0.00521292,0.00366672,0.00276524,0.0016285,0.00128046,0.000759539,0.0
0.00536715,0.000501626,0.00280327,7.28341e-19,0.000620263,0.000797084,0.0
0.00166942,0.0,4.64685e-41,0.00112993,0.000925386,0.000751637,0.0
0.0,0.0,1.10789e-23,0.00133788,0.00102287,0.000801141,0.0
0.0,0.00111953,0.00270773,0.000322438,0.000872392,0.000840773,0.0
0.0,0.00398067,0.000597216,0.000571876,0.00132275,0.000762617,0.0
0.0,0.0,0.000537984,0.00123598,0.000578057,0.000901909,0.0
0.00720634,0.00250396,0.000914288,0.000484815,0.000780399,0.000822387,0.0
0.0,1.71323e-36,8.12794e-25,0.000877991,0.000684363,0.000845875,0.0
0.00255496,0.0,0.00215307,0.000388565,0.000903767,0.000844149,0.0
0.00349761,0.00314644,0.00116404,0.000369205,0.000746521,0.000866138,0.0
0.0,1.55072e-36,0.00121269,0.00100101,0.000838677,0.000779237,0.0
0.0,0.0,6.09657e-21,0.000367516,0.00104692,0.000805651,0.0
0.0,0.0017223,0.000877381,0.000552174,0.0007986,0.000774718,0.0
0.0,0.0,1.61442e-07,0.000615605,0.000978083,0.000798926,0.0
0.00613098,0.000914869,0.00108479,0.00114883,0.00079308,0.000865097,0.0
0.00579712,0.0,0.000855395,0.000433369,0.00144275,0.000818882,0.0
0.0,1.06118e-07,0.00070186,0.000446183,0.000376569,0.000897544,0.0
0.00161187,0.000607493,6.43238e-05,0.00100382,0.000625729,0.000841993,0.0
0.0,0.00331818,0.000146801,0.00133292,0.000396328,0.000793083,0.0
0.0036964,0.00192886,0.000878287,0.000342548,0.000361653,0.000852204,0.0
0.0,0.00576907,0.00168619,0.000617625,0.00146891,0.000733219,0.0
0.0,0.0,0.00350087,0.000652912,0.000849283,0.000837383,0.0
0.0,0.00222655,5.15757e-14,0.000669516,0.000869701,0.000842918,0.0
0.0,0.0,0.00181825,0.0014196,0.00112397,0.000759125,0.0
0.000532869,0.000695729,0.00107727,0.000666145,0.00121523,0.000826378,0.0
0.0,0.0016618,0.00124792,0.00118707,0.000586093,0.000832869,0.0
0.00683153,0.0,0.000207598,0.000763327,0.00149085,0.000750538,0.0
0.0,0.0,0.00108508,0.000703045,0.000555668,0.000820551,0.0
0.0,0.00333711,0.0,0.00102732,0.000753,0.000812691,0.0
0.00440731,0.00169492,0.00135002,0.00141992,0.00120325,0.000695415,0.0
0.00219047,0.0,0.0,0.00143468,0.00121332,0.000798217,0.0
0.0,0.0,0.00039753,0.00136765,0.000823358,0.000763607,0.0
0.0,0.0,0.00132843,0.00115909,0.000563347,0.000872748,0.0
0.00356157,6.07473e-10,1.03253e-19,0.000567668,0.000538877,0.000803384,0.0
6.88749e-15,0.00390564,0.000678713,0.000513651,0.000775973,0.000762391,0.0
0.0,0.0,4.95725e-12,0.00100423,0.000460666,0.000818583,0.0
0.0,0.0,0.00033627,0.00111077,0.00147532,0.000706195,0.0
0.0,3.04439e-21,0.000392965,0.000569082,0.00142473,0.000771689,0.0
0.0,1.31849e-23,0.000668874,0.000481703,0.000719747,0.000883634,0.0
0.0,0.0,1.48477e-28,0.00105296,0.00082692,0.000781513,0.0
0.0,0.00120475,2.85707e-18,0.000443495,0.00026282,0.000830575,0.0
1.11245e-24,0.00267058,0.00144395,0.00114543,0.000893036,0.000801552,0.0
0.00662727,0.00194459,0.0013146,0.000982451,0.00119926,0.000732295,0.0
0.00330523,0.0,6.00049e-38,0.000247767,0.000923962,0.000844287,0.0
0.00331218,7.06014e-07,0.00140191,0.000577692,0.00133963,0.00079982,0.0
0.00228023,0.0,0.00124505,0.00044907,0.00107166,0.000793627,0.0
0.00336177,0.0,0.00258221,0.00128521,0.000428382,0.000824467,0.0
0.0,0.00217181,0.0,0.000754086,0.000665836,0.000811215,0.0
0.0,0.0,0.000831076,7.23897e-22,0.0013238,0.000767745,0.0
0.0,0.00145652,7.26798e-34,0.000863708,0.000683546,0.000795679,0.0
0.00442258,0.0,1.14297e-23,0.000884211,0.000990335,0.000800266,0.0
0.0,1.77306e-08,1.51009e-26,0.00102177,0.000542386,0.000807967,0.0
0.0,0.00309593,0.00186803,0.000615375,0.000822603,0.00075835,0.0
1.89802e-23,0.0,0.000582186,0.000566079,0.000825824,0.000854205,0.0
0.0,0.0,0.000461132,0.00148364,0.000627328,0.000771441,0.0
0.00348571,0.0,0.000394082,0.000792721,0.0014994,0.000731729,0.0
0.0,0.00032019,0.0,0.000200507,0.000842656,0.00085828,0.0
0.0012468,0.0,0.000735022,0.00111408,0.00091174,0.000757331,0.0
0.0,1.19788e-26,0.0,0.000875518,0.000747057,0.000888347,0.0
0.00212948,0.00156006,1.43274e-10,5.71086e-21,0.000900864,0.000888684,0.0
0.00121452,0.00381054,0.000226873,1.25293e-23,0.000706411,0.000863102,0.0
0.0,0.00170729,0.00192435,0.000892533,0.00040586,0.00078414,0.0
0.0,3.69947e-05,0.000699851,1.0139e-14,0.00056009,0.000860563,0.0
0.0,0.0,6.9805e-21,2.17294e-22,0.000730125,0.00085852,0.0
0.0,0.00118228,0.00137384,0.000632011,0.000720932,0.000760721,0.0
0.00490409,0.0013504,0.00213363,0.000835066,0.00128112,0.000728478,0.0
0.0,3.13564e-08,0.000281943,0.000916072,0.000808696,0.0007883,0.0
0.0,0.0,0.0011507,0.000692056,0.000547635,0.000869223,0.0
0.0,0.00716221,0.000907739,0.000914533,0.000316888,0.000777123,0.0
0.00977961,0.00195258,0.00130686,0.00100407,0.000985363,0.000747431,0.0
0.00186347,0.000770477,0.000795505,0.00066339,0.000496627,0.000330329,0.000131164
9.05048e-24,0.0,0.000564452,0.000803091,0.000625775,0.000837957,0.0
0.00274147,0.0,0.000127783,0.000839846,0.00112797,0.000750792,0.0
0.0,0.0,0.00164633,0.000770118,0.000948024,0.00079081,0.0
0.00458825,0.0,5.22901e-37,0.00117348,0.0015529,0.000728728,0.0
0.0,0.00330525,0.00207994,0.00101851,0.000590445,0.000786384,0.0
0.0,0.0,0.000694387,0.00167528,0.00112743,0.000736563,0.0
0.0,0.000806985,1.6517e-23,0.000940481,0.000831773,0.000816149,0.0
0.00621265,0.00171608,0.00125163,0.000671906,0.000925393,0.000779755,0.0
0.00257789,0.0,0.00132634,6.8793e-08,0.000620128,0.000843118,0.0
8.4316e-37,0.00549013,0.00154854,0.00140669,0.00106066,0.000803376,0.0
0.00624854,0.0,0.000748814,0.000708441,0.000673119,0.000869646,0.0
0.0023677,0.0,0.00168309,1.04908e-10,0.00116182,0.000879904,0.0
0.0,0.0,1.98383e-08,0.000472721,0.000991037,0.000814493,0.0
0.00118379,0.0,9.89184e-11,0.000274534,0.000638426,0.000881201,0.0
0.0,0.0,0.000731142,0.00111346,0.000423226,0.000860244,0.0
0.00115067,0.00274213,0.00202556,0.000754759,0.000511374,0.000828506,0.0
0.00132045,0.000882746,0.000706071,0.0017236,0.000753945,0.000827354,0.0
0.00147067,0.0,0.0022136,0.00154336,0.00127357,0.000770278,0.0
0.0,0.0023187,0.000756544,0.00214795,0.00097176,0.000756094,0.0
0.00348681,0.00645455,0.00176336,0.00121062,0.000785935,0.000823823,0.0
0.0,0.0,1.50067e-22,0.00136992,0.000627205,0.000804671,0.0
2.13534e-28,0.0,1.2951e-23,0.00168865,0.000498975,0.00082354,0.0
0.0,0.00104067,1.69822e-08,0.00111709,0.000828755,0.000785825,0.0
0.000787542,0.00177302,0.000768592,3.88011e-29,0.000559956,0.000844529,0.0
0.0,0.0,0.000250997,0.000997847,0.000941873,0.000874169,0.0
0.0,2.64919e-06,0.000758035,0.00085053,0.000764823,0.000833769,0.0
0.00792119,0.00253588,0.000445118,6.69353e-15,0.000885546,0.000846101,0.0
0.0,1.13717e-10,3.46529e-05,0.00044682,0.000713979,0.000814608,0.0
0.0,1.0989e-20,1.27931e-06,0.00126131,0.000906824,0.000752228,0.0
0.0,1.13211e-16,0.000716531,0.000730802,0.000307181,0.000781117,0.0
0.00221242,0.0,0.000798918,0.0011437,0.0006152,0.000848815,0.0
0.0,0.0,0.0,0.000678835,0.000670884,0.000871224,0.0
0.0,0.0,0.00129805,0.000770058,0.00076851,0.000828718,0.0
0.0,0.002362,0.000558107,0.00103645,0.00084244,0.000812799,0.0
0.0,1.46435e-08,0.000970654,0.000821508,0.000941702,0.000828177,0.0
0.0,3.97715e-13,0.00215432,0.00218988,0.000731795,0.000832198,0.0
0.00132918,1.80543e-15,1.0044e-06,0.000689249,0.00113626,0.000832834,0.0
0.0,1.62546e-08,0.000391989,0.000332302,0.000935309,0.000839164,0.0
0.0,0.0006869,0.000347834,0.00143144,0.000846405,0.000786512,0.0
0.0,0.0,1.65193e-23,0.00055687,0.000727109,0.000875163,0.0
0.0,5.72216e-30,0.00088173,0.00163633,0.000569516,0.000905081,0.0
0.00599461,0.00112299,0.000914703,0.000286782,0.000778684,0.000836284,0.0
0.0,0.000486435,9.18768e-25,0.00124193,0.0010005,0.00083559,0.0
0.00227436,7.59712e-13,0.000602419,1.25235e-09,0.000993495,0.000791974,0.0
0.00310792,0.0,0.000882089,0.000719406,0.00117869,0.000793853,0.0
0.00142975,0.00107735,0.00216663,0.000213824,0.000646523,0.000883315,0.0
0.00183891,0.000375991,0.000206844,0.00169705,0.00090316,0.000840095,0.0
2.47187e-11,3.57603e-25,0.00171375,0.00105627,0.000844766,0.000848191,0.0
1.57699e-23,0.00112746,3.65327e-06,0.00223362,0.00126473,0.000807797,0.0
1.38671e-08,0.00195306,8.06579e-06,0.00182144,0.00109606,0.000764319,0.0
0.00355109,6.0416e-07,0.00241466,0.00133902,0.000661474,0.000803958,0.0
0.0,0.0,0.0030966,0.00157231,0.00104779,0.000783407,0.0
0.00163486,0.000223076,6.33537e-08,0.000451916,0.000825875,0.000818182,0.0
0.0,0.0,5.93327e-32,0.000817737,0.000941216,0.000799821,0.0
0.0034029,0.0,7.03058e-05,0.0014714,0.000547776,0.000878862,0.0
0.0,0.00246952,0.000839136,0.000539237,0.00106733,0.000762211,0.0
0.0,0.00306439,0.000444086,1.05365e-05,0.000652317,0.000825614,0.0
1.20186e-23,0.0,0.000665954,0.00153659,0.00119057,0.000786306,0.0
0.0,0.0,0.00153972,0.000646629,0.000955975,0.000785221,0.0
0.0,0.00218912,0.0,0.000288475,0.000756174,0.000833915,0.0
0.00170812,0.00168704,0.00230897,0.000463827,0.000538126,0.000894207,0.0
0.00407684,0.00241779,0.00149481,0.000758715,0.000704191,0.000840249,0.0
0.0,0.00161485,0.000371072,0.000400611,0.00107208,0.000897655,0.0
0.00333204,0.0,0.000203371,0.000502966,0.00113679,0.000800778,0.0
0.00245251,0.000173111,0.00124072,0.000433336,0.000701287,0.000876625,0.0
0.0,0.00152927,0.00218957,0.000959727,0.000813928,0.000802734,0.0
0.00192961,0.00207358,0.000595511,0.00203883,0.000773196,0.000780489,0.0
7.42287e-24,0.0,0.00215645,0.00124978,0.00106758,0.000787014,0.0
0.0,0.00344592,2.53905e-12,0.00275585,0.000692621,0.000802172,0.0
0.00258112,0.00468666,0.00165633,8.74068e-08,0.00111762,0.000759755,0.0
0.0,0.0,8.98086e-05,0.000566663,0.000819744,0.000813465,0.0
0.0,0.0,0.00130579,0.00118272,0.000827827,0.000731247,0.0
0.0,0.00178723,1.16687e-23,0.00150285,0.000822959,0.000831153,0.0
1.55739e-23,0.0,0.00125642,0.000337381,0.00118206,0.00073592,0.0
1.73889e-34,0.00382994,0.00142671,0.000586628,0.00149242,0.000751841,0.0
2.09071e-26,9.73992e-40,0.00100113,0.000747107,0.000979354,0.0008699,0.0
0.0,0.00188169,0.00075116,0.000899107,0.000794367,0.000834935,0.0
0.000690317,0.00264099,0.000880433,0.00152168,0.00102658,0.000777753,0.0
0.0,2.83222e-07,0.000365021,0.00113985,0.000651156,0.000908636,0.0
0.0,0.0,0.00132483,0.00151655,0.00123817,0.000798298,0.0
0.0,0.00433155,0.00262806,0.000612034,0.000678613,0.000824077,0.0
3.841e-22,0.000115485,0.000770311,0.00105797,0.000564372,0.000823576,0.0
0.0,4.89693e-29,0.00179329,0.00128014,0.000527374,0.000887955,0.0
0.0,0.00189602,0.00064052,0.000717161,0.000842888,0.000826796,0.0
0.0,0.00186227,0.00212115,0.00104379,0.000973686,0.000755922,0.0
0.0,0.0,1.09181e-08,0.00134315,0.000670391,0.000879132,0.0
0.0,0.0,0.0,0.000371329,0.000452593,0.000238065,0.000232956
0.0,0.00184847,0.000884854,0.00154469,0.00120787,0.000762853,0.0
0.0,9.94618e-31,3.81669e-06,0.00119077,0.000758704,0.000804616,0.0
0.00216252,1.57112e-23,0.00153683,0.000475062,0.001231,0.000814892,0.0
0.00513737,0.00148354,0.000335212,0.000789935,0.000774742,0.000776554,0.0
0.0,0.00195024,3.01072e-18,0.00135326,0.000669979,0.000814688,0.0
0.0,0.00312659,2.66742e-05,5.0557e-07,0.000961482,0.000781417,0.0
0.0,8.85927e-39,0.000663437,0.00114669,0.00103038,0.000760567,0.0
0.00219989,0.00165934,0.00105272,0.00040789,0.00120148,0.000771867,0.0
0.0,0.00262474,0.00288352,4.03333e-08,0.000995783,0.000811404,0.0
0.00355037,0.0,0.00132868,0.00072597,0.000697521,0.000892308,0.0
5.71411e-28,0.000967294,0.00108439,0.00218991,0.00104119,0.000754186,0.0
0.0,0.000569414,0.00213133,0.00132109,0.000645511,0.000726843,0.0
0.0018385,0.00194214,1.80971e-23,0.00158694,0.000899337,0.000803955,0.0
2.89583e-30,0.0,0.000421204,0.00110619,0.000932044,0.000723628,0.0
0.0,0.0,0.000865013,0.000545908,0.000760176,0.000869413,0.0
0.00330541,0.0,0.00170768,0.00133275,0.00051701,0.000810683,0.0
0.00204076,0.0036915,0.00310175,0.000770368,0.000766946,0.000782489,0.0
0.00253192,0.00386873,0.000388573,0.000636022,0.000668707,0.000808202,0.0
0.0,1.7735e-18,0.00329741,0.00110189,0.00138896,0.000769865,0.0
1.48131e-13,0.00195284,0.0,0.000173237,0.000918638,0.000859897,0.0
0.0026613,3.54519e-33,0.000320925,0.00123948,0.00128517,0.000761803,0.0
0.003367,0.00396949,0.00264909,0.00134427,0.00112272,0.000675927,0.0
0.00131379,0.00486563,0.00101622,0.000927726,0.000579911,0.000807265,0.0
1.90883e-06,6.47229e-06,0.00163978,0.000934117,0.000667197,0.000841454,0.0
0.00759287,0.0,0.0010101,1.18678e-15,0.000965784,0.000779056,0.0
0.0,0.0,1.79149e-05,0.000516053,0.000773953,0.000727727,0.0
0.000427016,0.00104486,0.000987974,0.00021254,0.000662512,0.000801697,0.0
0.0,0.00230826,0.00152528,1.01373e-08,0.00100638,0.000826764,0.0
3.15093e-36,0.0,0.000444715,0.000167014,0.00122406,0.000855266,0.0
0.00383353,0.000301236,1.5488e-23,0.000429022,0.00133674,0.000786402,0.0
0.000289026,0.000799757,2.75667e-36,0.000455719,0.000579994,0.000792865,0.0
0.0035149,9.47353e-24,3.1192e-30,2.72851e-05,0.00135918,0.00079782,0.0
0.00350996,0.0,3.28428e-10,0.000737999,0.000737157,0.000855051,0.0
0.00560279,0.000656648,5.27114e-06,0.00123132,0.000999072,0.000817384,0.0
4.43134e-23,0.0029318,2.75008e-09,0.00140715,0.000890008,0.000786521,0.0
0.000812933,0.00586578,0.00010785,4.53603e-11,0.000867303,0.000824418,0.0
0.00324682,0.00498221,0.00203163,0.000740247,0.000896273,0.000829104,0.0
0.0,0.0,0.000805178,0.000697199,0.00102189,0.00079296,0.0
0.0,1.0371e-24,0.000212559,0.00146746,0.000947732,0.000866538,0.0
2.07783e-05,0.0,1.44669e-23,0.000267271,0.000962012,0.000780331,0.0
0.00263914,0.0,0.000543694,1.20983e-20,0.000934781,0.0008142,0.0
0.0,0.0,0.00179307,0.00112975,0.000458656,0.000873496,0.0
0.0,0.00150801,0.000822498,1.26903e-21,0.00072238,0.000827649,0.0
0.00163822,0.0,0.00126907,0.00115252,0.000623906,0.000783024,0.0
0.0047481,0.0,0.00105636,0.00215765,0.000658752,0.000745348,0.0
0.0,1.71843e-23,0.00172903,0.000342685,0.00091245,0.000856533,0.0
3.27211e-27,0.000461927,8.91995e-07,0.00090382,0.00107912,0.000826665,0.0
0.0,0.000398423,0.0,8.19241e-12,0.00078823,0.000329123,0.000139855
0.0,0.00432612,0.00106176,0.000391427,0.00107892,0.000827819,0.0
0.0,0.0,0.00164289,0.00063595,0.000926616,0.000793877,0.0
0.0,0.0,0.00056914,0.000289305,0.000709245,0.00081751,0.0
0.0,0.00340057,0.00068684,0.00227833,0.00125244,0.000753335,0.0
0.0,1.42658e-31,0.000614686,0.00125874,0.00135448,0.00079589,0.0
0.0,0.0,0.000401474,0.00121852,0.00131492,0.000746392,0.0
0.0,0.00179257,0.00073758,0.000341549,0.00101875,0.000789382,0.0
0.0,0.00688319,0.000858514,0.000699339,0.000537814,0.000814914,0.0
0.0,0.0019407,0.0020317,0.000852377,0.00107923,0.000787345,0.0
0.0,0.0,0.0,0.000847077,0.000562876,0.000875385,0.0
0.0,0.00249824,2.40368e-26,0.00120512,0.000571925,0.000845796,0.0
0.00357444,0.0,0.000323444,0.000320815,0.000282792,0.000924829,0.0
0.0,0.0,1.16543e-23,0.00112665,0.00114752,0.000791329,0.0
0.00353765,0.0,0.00114265,0.00175352,0.000797055,0.000839302,0.0
1.9464e-42,0.00541924,1.25519e-05,0.000371382,0.00102502,0.000855328,0.0
0.00201643,0.00335743,6.85824e-11,0.000699811,0.00047338,0.000861074,0.0
0.0,0.0,0.00165782,0.000538866,0.00120543,0.000828325,0.0
0.00185033,0.0019437,1.39921e-18,3.20997e-10,0.0010059,0.000850267,0.0
0.0,0.000441827,0.00102499,0.0018938,0.00107534,0.000722914,0.0
0.00551522,0.000938098,0.000330838,0.00120532,0.000877682,0.000846273,0.0
0.00232994,3.08707e-06,0.000502116,0.00160385,0.000605104,0.000793472,0.0
0.0,0.00151519,0.0,0.000589705,0.00149953,0.000758293,0.0
0.0,0.00723657,0.00159959,0.000738291,0.000886936,0.000868055,0.0
0.00312844,0.00262553,0.00075611,0.000168245,0.00129973,0.000796719,0.0
0.0,3.46436e-40,0.00147259,4.97846e-21,0.000533044,0.00086202,0.0
0.0,0.00344866,9.14551e-05,0.00103049,0.000671582,0.000791877,0.0
0.0,0.0,0.0010672,0.00102711,0.00065714,0.000872216,0.0
2.5294e-24,0.0,0.0,0.000416822,0.000354885,0.000928284,0.0
1.8883e-23,1.84257e-37,1.32584e-13,0.000608058,0.000940642,0.000780112,0.0
0.00349114,3.14251e-10,1.45723e-23,0.000940611,0.00093694,0.000781079,0.0
0.0,0.0,0.00113152,0.000267369,0.000703611,0.000851061,0.0
0.0,0.00079103,0.000723549,0.000961842,0.000793872,0.000819665,0.0
3.10586e-06,0.0,0.00283941,0.00102547,0.00100656,0.000851727,0.0
1.3503e-23,1.221e-36,0.0025972,0.000439197,0.000901192,0.000792488,0.0
0.0,1.32653e-05,0.000925545,0.000867231,0.000704509,0.000834514,0.0
0.0,0.0,0.00118778,0.00044153,0.000739572,0.000844343,0.0
0.0,0.00182295,2.41084e-31,4.75882e-07,0.000543695,0.000893613,0.0
0.0,0.00284586,0.00139362,0.000215367,0.000720882,0.000823683,0.0
0.0,0.0,0.00119604,0.00137511,0.000269943,0.00082681,0.0
0.00635637,0.00666979,0.00145529,0.0011818,0.000963673,0.000754198,0.0
0.0,0.0,0.00206203,0.00061607,0.00107557,0.000814078,0.0
0.00260594,0.00255671,0.000974663,0.000854535,0.000890922,0.000827414,0.0
0.0,0.00331955,0.0,0.000530645,0.00127185,0.000805416,0.0
0.0,0.0,0.00125822,0.00128598,0.00088307,0.000814417,0.0
0.00347093,0.00161136,0.00227958,0.00110341,0.000727288,0.000804436,0.0
0.00150391,0.00138595,1.38442e-23,0.00213069,0.000909845,0.000787654,0.0
0.0,0.0,0.00151331,0.00106822,0.000454376,0.000900799,0.0
0.0,0.0,4.20763e-20,0.000314599,0.000184365,0.000245901,0.000367076
3.32659e-38,0.00228084,0.0020676,0.000589164,0.0013993,0.000761533,0.0
0.0,9.89047e-28,0.000413239,0.00107945,0.000456648,0.000829153,0.0
0.0027133,0.0,0.000650594,0.00101609,0.000377207,0.000835947,0.0
1.16918e-31,0.0,1.28897e-06,0.00223018,0.00127837,0.000761818,0.0
0.0,0.0,0.00227817,0.00101737,0.000750497,0.000863511,0.0
0.0,0.0,0.0,1.72086e-07,0.000289384,0.000850494,0.0
0.0,0.0,0.00103933,0.00137042,0.00125723,0.000749453,0.0
0.00589312,1.09316e-23,0.00151074,0.000673767,0.000697448,0.000824905,0.0
1.19302e-15,0.00335465,0.00153971,0.000692941,0.000597987,0.000811766,0.0
0.00631077,0.00158383,2.10268e-35,0.000920596,0.00023668,0.000851783,0.0
1.2714e-23,0.0,0.0,0.000503887,0.00116143,0.000811879,0.0
0.00564115,6.21054e-26,2.18642e-36,0.000237986,0.00111242,0.000892489,0.0
0.0,3.28575e-28,0.000496048,0.000102371,0.00083644,0.000897676,0.0
0.0,0.0041626,2.28992e-24,0.000661217,0.00082751,0.00080651,0.0
0.0,0.00191228,0.00153723,0.00113722,0.000915929,0.000838633,0.0
0.0,0.0,1.9089e-39,0.00054,0.000817707,0.000820343,0.0
0.0,0.00184698,0.000619893,0.000855441,0.0004144,0.000405061,5.32701e-05
0.0,0.00158898,0.000600801,0.00126514,0.00108002,0.00078334,0.0
0.00216635,5.46502e-36,0.0004111,0.000891314,0.000968037,0.000789492,0.0
0.0026466,0.0,0.00196948,1.62557e-31,0.00058692,0.000819787,0.0
0.00210705,2.3952e-27,0.00161222,5.29004e-07,0.0011244,0.000844758,0.0
0.0,0.00188153,0.000824546,0.000871033,0.000776051,0.000808161,0.0
2.07539e-28,0.0,0.00239966,0.000155102,0.00102908,0.00077761,0.0
0.0,1.5585e-39,1.55947e-06,0.00193577,0.000637903,0.000785979,0.0
0.00229282,0.0,0.000351867,0.000348338,0.000857982,0.000844721,0.0
0.00718193,1.02881e-28,0.00086445,0.000802631,0.00109151,0.000733907,0.0
0.0,0.00554039,0.0,0.0011342,0.000882465,0.000759173,0.0
0.00477589,1.34798e-23,0.00234688,0.0,0.000944828,0.000848112,0.0
0.00326976,0.0,0.0,2.92042e-32,0.000889079,0.000848146,0.0
0.0,0.000894395,0.00121695,0.00101832,0.000933878,0.000803986,0.0
0.0,0.0,0.00209587,0.00100836,0.000765159,0.00082911,0.0
0.0,0.00370188,0.0,0.000438338,0.000676112,0.000803373,0.0
2.03118e-31,0.00159118,9.2824e-24,0.000239083,0.000945042,0.000794802,0.0
0.0,0.00334258,0.00034047,0.00167773,0.00102712,0.000751386,0.0
0.0,0.0,0.00177792,0.00102953,0.000174173,0.000900505,0.0
0.0,0.0,0.001347,0.00121129,0.000289268,0.000854776,0.0
0.00138275,0.00382911,0.000940385,0.00139939,0.00118435,0.000849655,0.0
0.00809234,0.0,0.00231202,6.64941e-11,0.00129647,0.000757769,0.0
0.00331002,0.00461962,0.00212916,0.000641468,0.000463716,0.000821683,0.0
0.0,0.00410824,0.000776797,0.000826967,0.000994533,0.000751854,0.0
0.0,0.00433315,4.40387e-31,0.00107304,0.000994595,0.000721399,0.0
0.0,0.0,0.000728464,0.000111218,0.000992952,0.00083081,0.0
0.0,0.0,1.78716e-23,0.00068134,0.000398569,0.000804357,0.0
0.0,0.0,0.000528711,0.0013662,0.000983102,0.0008344,0.0
0.0,0.00160488,0.00117304,0.0021321,0.00116539,0.000768459,0.0
0.00301954,0.00112763,0.000727149,0.000386805,0.000892304,0.000822475,0.0
0.0,0.0,0.00167376,4.90555e-09,0.000724724,0.000834902,0.0
0.00342574,0.00171247,0.00318908,0.00133112,0.000776389,0.000722849,0.0
1.69192e-12,0.0,0.000225393,0.000606074,0.00101946,0.000728005,0.0
0.00454587,0.0,0.00137183,0.000530267,0.000454323,0.000863686,0.0
0.0,0.0,0.00118788,0.000144965,0.000764421,0.000863716,0.0
0.0,0.0,0.0,0.000519723,0.0015938,0.000796126,0.0
0.0,0.00228348,0.00198461,0.000485404,0.000773657,0.00078317,0.0
0.0,0.0,1.32468e-11,0.00134327,0.000549099,0.000805458,0.0
0.00515455,0.0,1.39802e-23,0.00290235,0.000776675,0.000774264,0.0
0.0,0.0,0.000933743,0.00133239,0.00117663,0.000813828,0.0
0.00279744,0.0,0.00155705,0.000571944,0.000618781,0.000748837,0.0
0.0,2.09082e-13,0.00218153,0.000232771,0.000611174,0.000868546,0.0
0.00347724,0.0,0.000598775,0.000354159,0.000637159,0.000757566,0.0
0.0,0.00454005,0.000198732,0.000862662,0.00075441,0.00089302,0.0
0.0,0.0,0.00145411,0.00125778,0.00104807,0.000743423,0.0
